100
5 622
400 466 233 348 397
10 58
48 7 1 5 27 46 48 14 33 33
10 510
1 9 240 436 37 249 496 124 236 331
9 534
506 329 263 506 506 494 506 263 329
2 331
284 24
6 686
678 190 426 674 648 172
10 508
12 280 278 241 12 280 280 501 278 463
10 213
119 139 44 33 97 195 24 42 95 26
5 237
119 100 165 235 202
5 572
203 77 77 77 77
6 406
47 387 290 19 116 359
10 210
88 154 188 170 20 105 176 107 6 128
7 533
201 216 209 329 197 513 471
10 697
580 375 323 51 71 118 627 647 247 451
10 319
145 261 115 117 165 100 32 22 13 246
6 429
181 281 181 248 148 248
5 366
289 317 80 229 286
10 145
4 79 127 145 91 63 120 7 16 3
8 130
94 79 107 24 110 52 21 37
6 676
622 515 485 493 278 651
10 50
2 7 20 36 32 37 3 26 10 30
6 597
554 219 526 399 508 510
6 602
461 173 477 429 125 141
7 349
284 233 123 131 195 217 149
10 212
114 156 93 204 61 206 174 3 176 4
8 449
199 108 405 341 250 44 190 259
3 589
554 382 249
5 337
266 317 312 298 322
5 317
241 267 127 136 88
10 700
1 1 1 1 1 1 1 1 1 1
6 595
39 201 201 452 452 201
10 68
65 26 32 51 3 20 18 27 12 56
6 59
54 5 18 47 47 52
7 388
234 158 146 341 242 136 360
8 196
72 86 95 26 62 66 88 21
5 700
490 474 606 649 530
10 287
4 71 216 138 113 283 197 174 90 149
10 643
452 356 215 329 530 139 631 84 495 355
10 512
32 43 241 344 500 151 242 396 97 17
9 429
226 226 71 133 427 71 71 400 133
10 44
42 4 13 9 42 1 43 28 32 20
4 570
381 212 471 399
9 356
239 138 244 321 236 325 319 212 161
10 1
1 1 1 1 1 1 1 1 1 1
2 539
211 138
10 226
143 99 30 221 83 108 127 196 118 5
6 574
209 365 158 416 209 365
10 565
315 313 334 105 334 313 315 461 461 461
10 578
387 302 364 505 315 479 223 433 41 3
6 304
163 205 291 247 275 268
10 35
24 30 10 33 22 18 19 19 15 22
5 397
277 283 140 79 119
10 297
259 230 156 218 199 56 273 230 236 70
8 686
187 159 63 382 187 382 159 632
10 442
281 375 257 276 264 206 144 87 298 366
5 568
270 293 251 206 393
10 113
12 35 28 10 85 4 58 103 91 17
5 244
224 235 211 237 241
10 495
476 445 489 151 285 251 386 335 218 325
7 561
351 455 484 516 559 475 345
10 116
95 104 37 59 52 72 36 78 17 61
3 451
440 391 301
7 576
92 367 92 367 367 367 325
6 393
147 271 217 177 123 247
10 271
258 80 235 267 216 182 174 95 33 118
1 260
126
1 210
115
10 393
371 80 266 32 50 76 2 310 15 230
8 233
188 186 111 206 186 51 43 126
5 522
29 217 217 504 217
4 581
233 210 462 342
10 687
352 195 462 671 154 135 70 318 560 224
7 692
600 516 629 575 650 474 445
10 519
168 351 83 231 506 338 462 229 209 271
10 88
31 38 36 45 43 52 4 57 50 84
1 365
190
10 200
183 127 175 5 196 32 17 72 153 162
1 362
325
3 371
3 355 156
9 513
207 482 236 390 290 177 81 73 129
10 327
195 305 51 285 256 56 326 72 256 317
10 518
401 469 299 216 485 223 332 495 334 448
3 354
165 205 218
4 571
2 10 279 295
2 265
263 95
10 127
116 43 107 87 2 57 119 27 101 107
10 556
502 339 109 243 538 222 213 430 246 54
10 654
596 624 437 651 542 450 436 512 599 512
10 291
91 134 71 95 151 40 22 11 189 236
9 381
239 40 10 182 89 311 27 94 321
10 180
115 38 174 82 35 147 72 179 118 92
10 17
17 5 1 8 1 15 11 4 12 15
6 557
405 187 152 138 370 419
10 12
3 4 2 1 7 8 7 4 4 12
10 311
221 306 113 124 231 157 265 211 248 128
10 528
360 464 379 179 100 329 142 371 423 210
10 340
233 310 77 281 59 279 61 263 30 107
10 122
46 20 120 61 10 63 74 62 70 5
8 637
319 319 88 563 319 578 88 319
9 496
201 193 349 341 205 340 471 181 463
