100
9
9804019 8945365 313009 5299155 7038421 7021461 5739245 5414229 5864372
10
823560197 206802176 178364299 458224572 469564800 219525315 418298484 170930999 813743005 181149108
10
7180 5011 1642 169 6500 12 9960 2069 2207 1703
8
830 554 529 17 369 535 828 941
4
235 666 963 743
3
864 680 470
10
301 3998 453 4742 5984 5619 5867 4363 3856 7092
10
892964503 731201419 966734768 555955595 298651174 972461545 854744879 941337734 486730276 408939055
10
973 805 541 42 8 13 326 672 949 988
4
2667511 8275827 8044067 6447286
10
9743 3460 4748 9018 9134 305 7328 6836 6644 5
9
7656 1151 303 5067 431 5667 1612 381 2435
7
763418431 92653615 798515859 901822411 124183260 654500904 884573518
9
8917 170 4136 8541 229 7709 8192 9182 436
5
916161764 161779204 142204206 888199454 973050430
9
342 4785 9980 318 104 3567 5273 1980 9926
10
9147 2295 1002 7937 4205 8862 8820 4048 5795 7055
3
337 700 474
9
6299 6540 9204 3366 380 3707 2397 736 7196
4
81092043 762298067 823980746 75813867
8
9367606 1826352 2485136 4879947 2455671 3184695 4198423 3828485
10
319686475 829694420 182462540 649611393 136425223 335885525 408439149 173726306 260292876 351705232
10
834152926 983568825 718506939 586572924 728690417 232401662 152668718 322319357 365927246 962998527
4
782 24 695 905
10
968 647 435 368 88 271 387 591 941 993
8
990 698 333 108 222 661 942 993
10
45372180 127591259 627756636 438404493 999528519 1410394 942988501 10788884 17637118 791395638
10
5334 7896 1701 9372 4603 3197 1023 1779 5766 9378
4
867 262 559 998
10
896732667 458680789 640332627 669833208 897100198 313734210 408247059 691284448 616643799 245245630
10
109255866 104777426 399299779 614885778 678096058 221136503 953656613 997944996 161687576 375614972
10
9800 8468 2010 8220 4502 3967 2186 9292 6192 7174
9
340326282 81732291 813804018 638690549 47014689 354221555 98296283 398613160 457783952
7
306607699 11225293 200773039 497425110 119749725 525153272 192771238
7
769614023 535645274 812449098 825247144 627434713 912098347 188687113
10
815 666 498 225 40 55 406 644 685 828
8
6065 996 448 3363 3990 8016 361 3376
9
3865 5198 5722 6657 8437 290 6960 839 9504
10
447416826 678601921 906585407 727053388 910985293 949065937 560804987 254895908 998722230 762297059
3
246 790 458
8
3335914 2645490 3809121 1377057 8099129 4923938 2990814 5074509
8
973 753 289 18 176 531 812 999
9
254869464 709124836 938880366 793199603 944042518 367122348 592902254 82095188 690029823
10
877 577 277 94 11 61 157 301 819 921
3
1 2 3
10
49949942 679422043 892022814 149645165 188015785 690601348 627788511 180255815 26624319 885731765
8
9854 101 1167 9019 2080 1851 4715 48
8
9526 6846 1324 3365 1415 5221 2683 5176
7
956034223 439427854 1162024 854528398 498438689 195003234 6934750
9
9738 1700 6769 341 1854 7220 3495 5792 6019
10
635154139 132879749 274061431 503433108 911870178 388750560 317995500 173817926 764290078 509852103
9
2414 3306 6433 5141 464 171 1108 248 9127
10
867 790 700 485 110 160 652 718 798 903
10
9019 7515 912 3287 5474 1179 73 383 1899 2084
8
9541 1897 7845 158 9581 83 9135 3439
9
9531 2116 3446 481 2633 1356 2867 1318 4297
9
3585 6809 7535 4498 5899 4184 15 1325 9657
8
586 387 141 17 30 219 440 825
1
571449043
4
96 289 423 788
4
39 74 532 486
10
8887 7979 7621 2511 6762 2654 3822 2842 7748 3128
4
244 48 206 517
8
865 328 234 71 98 293 571 909
9
638 363 301 263 129 154 264 357 602
9
4965 240 1134 369 6337 3655 3006 2075 394
10
63842705 674341090 208771128 600217887 984596290 96167149 114394991 88342475 654899128 518305814
9
994 575 528 425 321 412 431 544 851
10
9768833 3942619 8904023 8196149 7249623 8117332 8461062 6079972 7272767 9773402
9
9788 62 621 7235 5652 683 4509 9617 8980
10
980 695 526 455 61 82 517 574 706 990
10
930 800 379 234 38 105 244 686 819 976
10
7045 5172 6315 9890 9383 5091 8037 3143 9109 9766
9
8749 8538 6733 15 310 10 9986 509 9900
6
780 530 147 239 682 813
8
300681234 829155356 738996408 576163672 447096696 826854676 756712419 504249983
4
940245731 211533179 238718581 659110093
7
58862401 530779230 995700366 105871933 918006193 894558555 387636631
9
9555 3971 104 163 4944 7242 404 4847 4787
9
656786594 367987786 337337333 141996729 520701809 160149776 188755729 818103689 991627580
5
317843242 182752354 618275648 136099815 983451779
9
333 339 465 658 671 850 961 939 925
7
583427038 814585683 349985925 236290275 592755515 436953447 235238721
10
783 631 562 466 158 441 518 569 664 974
6
568810373 671547383 482954271 240628336 148529181 17547672
8
4657 446 143 1643 4134 4399 3719 7132
10
819 597 265 173 152 162 196 354 713 945
6
74 264 549 661 921 759
3
98283131 768515235 575014165
7
645685 698660798 963566592 594223823 788049484 442712798 990798156
10
3009 7340 7154 5594 5865 4377 822 7795 1411 8037
5
1 8 10 3 7
10
916 760 355 210 98 188 349 733 908 966
9
7087 893 171 30 5423 6971 6883 9423 81
10
607448042 845416967 344801288 502859765 344735726 670139240 204686355 304802928 551729894 374049980
8
4493779 3469116 4768704 2776461 9105979 1125742 5840120 8263385
8
574928639 102844801 43258819 118390167 525811081 316419300 340765971 302534138
3
367 797 620
4
499 184 286 706
9
9162 7188 3138 6573 166 7992 4405 4865 4139
