100
92 229 1
5 2 51 62
96 32 10
69 17 77 23
13 20 31 22
28 11 70 14
81 0 91 12
11 5 36 10
25 0 55 1
20 25 27 29
2 23 7 29
50 27 89 30
40 5 78 8
5 95 2
1 16 4 81
0 3 3 7
10 10 10
6 0 6 0
5 1 5 1
2 2 2 2
8 3 8 3
4 4 4 4
9 5 9 5
0 6 0 6
7 7 7 7
1 8 1 8
3 9 3 9
15 303 9
5 98 7 104
2 269 8 286
0 198 10 217
8 38 12 101
5 9 13 13
7 110 13 162
4 222 11 248
2 108 3 134
6 260 14 265
6 361 8
0 191 0 253
1 87 3 123
1 233 2 237
4 64 5 231
3 21 4 63
0 261 1 328
1 171 2 190
2 165 3 169
10 10 10
5 0 5 0
2 1 2 1
6 2 6 2
9 3 9 3
4 4 4 4
0 5 0 5
1 6 1 6
8 7 8 7
3 8 3 8
7 9 7 9
100 500 10
0 1 73 3
47 6 99 8
0 9 82 11
20 12 99 13
0 15 96 16
17 18 99 18
0 21 90 22
37 23 99 25
0 27 79 27
17 29 99 31
89 184 3
44 20 46 108
51 75 83 137
1 97 43 126
100 500 10
23 61 44 486
15 83 21 275
51 228 57 498
61 120 84 244
45 56 85 69
91 98 93 449
79 329 86 330
2 271 2 484
7 27 12 324
63 390 78 407
90 249 10
11 129 12 169
66 229 79 237
14 21 66 203
69 103 82 210
36 221 58 228
5 6 12 41
85 35 89 45
71 43 77 59
4 76 7 148
0 97 1 141
37 424 1
0 264 36 341
94 375 10
0 62 15 62
24 62 39 62
79 62 93 62
12 124 74 124
0 186 15 186
25 186 40 186
79 186 93 186
19 248 81 248
0 310 15 310
27 310 42 310
100 500 10
30 3 95 401
26 277 28 409
5 87 23 378
0 147 1 270
65 490 75 490
10 428 58 459
18 474 18 488
33 467 53 488
12 36 18 84
78 405 85 464
86 187 7
13 80 36 146
23 21 64 33
45 39 69 68
71 148 72 171
72 5 82 135
40 121 44 130
46 77 52 174
10 10 10
0 0 0 0
1 1 1 1
4 2 4 2
6 3 6 3
8 4 8 4
3 5 3 5
9 6 9 6
5 7 5 7
7 8 7 8
2 9 2 9
100 500 10
36 329 65 336
47 58 81 252
16 270 39 301
12 362 44 484
15 26 23 215
49 353 71 384
32 156 41 206
83 82 99 384
75 297 81 406
39 1 46 88
100 500 10
24 120 65 475
74 284 89 306
9 37 14 71
84 51 98 86
45 17 50 110
3 427 14 428
11 140 20 341
72 324 73 446
90 433 98 490
75 189 99 208
10 10 10
3 0 3 0
2 1 2 1
5 2 5 2
4 3 4 3
7 4 7 4
6 5 6 5
9 6 9 6
1 7 1 7
0 8 0 8
8 9 8 9
25 305 4
0 201 2 249
3 150 8 249
9 170 17 249
18 170 24 245
100 500 10
0 1 87 2
29 5 99 7
0 9 77 9
20 11 99 13
0 16 80 18
5 20 99 21
0 22 86 23
4 25 99 27
0 30 63 31
13 32 99 32
100 500 10
2 39 15 97
24 275 92 326
3 338 91 485
54 169 92 200
37 64 56 151
18 39 22 41
24 27 88 52
95 232 99 465
8 280 13 286
30 163 52 188
29 191 3
0 155 19 167
20 105 27 167
28 143 28 167
91 143 7
53 77 81 102
2 34 84 67
29 91 50 114
7 92 28 102
18 128 53 139
47 8 51 13
17 16 55 25
100 500 10
74 267 78 365
81 41 89 129
12 269 35 270
18 444 22 465
32 433 35 494
66 411 95 434
11 0 27 11
9 271 14 455
9 111 61 223
11 45 16 94
45 459 1
0 159 44 264
40 117 5
0 5 9 22
10 5 32 50
33 7 36 50
37 7 38 14
39 11 39 14
43 475 4
18 65 35 108
14 359 27 376
12 98 15 185
6 191 30 271
100 500 10
0 1 82 2
45 5 99 6
0 8 87 8
26 11 99 13
0 14 73 14
7 17 99 19
0 22 62 23
41 26 99 28
0 29 78 29
28 32 99 32
100 500 10
42 271 73 481
69 107 96 113
3 85 11 457
32 164 66 186
42 199 68 200
16 397 21 441
23 23 29 427
74 420 88 432
30 132 99 162
31 349 37 370
84 253 7
61 5 74 117
6 105 12 235
4 60 54 88
58 177 73 240
33 92 33 113
78 91 82 197
29 117 36 126
26 381 6
7 212 9 339
17 87 20 88
12 107 21 323
2 72 15 100
22 205 25 246
3 170 4 219
10 10 10
1 0 1 0
2 1 2 1
4 2 4 2
3 3 3 3
6 4 6 4
8 5 8 5
5 6 5 6
9 7 9 7
0 8 0 8
7 9 7 9
71 162 7
25 50 42 119
41 21 56 45
12 86 16 87
4 11 17 65
0 134 44 146
62 86 70 119
43 58 44 81
22 329 10
2 135 6 317
11 155 20 273
0 0 8 14
3 27 8 67
8 136 11 140
4 78 11 105
15 28 20 54
7 281 11 299
14 72 17 102
12 299 12 303
10 10 10
8 0 8 0
9 1 9 1
2 2 2 2
7 3 7 3
6 4 6 4
3 5 3 5
5 6 5 6
4 7 4 7
0 8 0 8
1 9 1 9
100 500 10
30 241 69 384
76 164 84 313
7 149 72 202
56 51 57 55
92 205 98 446
32 441 61 490
9 120 83 136
82 368 83 472
26 206 34 213
67 24 85 91
100 500 10
0 1 84 3
41 4 99 6
0 9 91 9
8 12 99 13
0 16 59 16
48 17 99 17
0 20 90 22
5 25 99 27
0 29 50 29
19 32 99 33
100 500 10
76 122 94 482
63 229 68 301
19 86 66 127
9 145 20 223
4 449 64 497
24 179 25 375
15 298 18 404
46 329 69 340
68 418 68 440
54 358 67 393
94 255 1
48 30 91 155
61 458 10
0 76 10 76
13 76 23 76
51 76 60 76
11 152 51 152
0 228 10 228
15 228 25 228
51 228 60 228
9 304 49 304
0 380 10 380
17 380 27 380
14 267 2
6 76 12 129
1 96 5 155
100 500 10
86 54 88 480
22 12 59 112
14 189 21 423
31 146 73 217
46 230 70 265
96 64 96 204
36 315 64 481
80 33 84 149
26 396 27 487
32 223 37 246
5 332 0
100 500 10
13 371 63 430
38 115 84 175
6 264 18 316
17 9 25 22
72 322 78 394
33 270 58 327
39 33 88 60
34 141 37 170
31 179 35 264
5 125 31 140
100 500 10
19 98 38 199
34 268 63 285
33 286 46 475
77 68 99 397
9 242 46 251
4 65 42 96
39 131 50 161
73 232 75 376
55 55 64 194
66 8 75 117
92 197 5
53 24 91 108
7 7 32 42
34 36 40 167
56 129 81 180
41 104 44 184
11 253 2
2 27 6 119
8 63 9 84
10 10 10
4 0 4 0
7 1 7 1
6 2 6 2
9 3 9 3
5 4 5 4
1 5 1 5
0 6 0 6
2 7 2 7
8 8 8 8
3 9 3 9
59 465 10
0 75 9 75
14 75 23 75
50 75 58 75
7 152 46 152
0 229 9 229
12 229 21 229
50 229 58 229
7 306 46 306
0 383 9 383
10 383 19 383
10 10 10
8 0 8 0
4 1 4 1
1 2 1 2
6 3 6 3
7 4 7 4
9 5 9 5
5 6 5 6
2 7 2 7
3 8 3 8
0 9 0 9
92 427 0
48 43 10
21 17 24 21
10 26 15 38
17 40 34 40
30 20 33 39
2 13 4 40
14 4 44 12
12 41 24 41
5 7 12 9
35 22 43 36
14 0 37 1
81 141 8
6 71 13 132
22 27 68 52
39 115 76 117
79 59 79 101
59 76 69 91
75 27 75 71
5 17 17 22
23 127 59 131
100 500 10
21 22 94 414
3 230 11 329
18 76 18 377
73 421 83 444
32 437 60 456
12 45 17 139
37 0 96 6
9 7 12 43
15 255 16 298
1 194 5 201
48 187 6
20 39 45 117
11 172 42 175
2 122 47 148
14 9 43 30
13 80 14 110
3 4 10 89
10 10 10
8 0 8 0
9 1 9 1
3 2 3 2
4 3 4 3
2 4 2 4
0 5 0 5
5 6 5 6
7 7 7 7
6 8 6 8
1 9 1 9
63 369 10
0 58 10 58
12 58 22 58
53 58 62 58
9 119 51 119
0 180 10 180
18 180 28 180
53 180 62 180
10 241 52 241
0 302 10 302
17 302 27 302
100 500 10
5 235 83 414
9 104 61 117
2 51 56 102
33 173 44 206
7 432 54 470
63 30 95 109
62 180 85 218
96 117 98 384
56 119 57 136
61 23 62 97
52 431 6
5 238 12 304
29 169 45 254
3 361 46 373
10 16 11 220
18 233 27 271
14 141 15 329
19 9 1
0 4 18 5
100 500 10
0 1 76 3
7 6 99 8
0 9 69 9
22 11 99 11
0 14 61 16
49 18 99 18
0 20 83 22
48 24 99 24
0 26 99 26
44 28 99 29
31 369 1
0 151 30 229
48 132 10
37 0 40 33
6 63 20 88
20 36 23 62
0 121 33 131
41 32 42 77
37 84 47 119
6 43 18 54
29 7 35 31
26 39 35 104
12 17 13 22
48 456 10
13 307 26 356
7 109 8 255
0 260 9 376
12 49 42 186
1 412 26 453
20 283 23 301
37 271 39 450
35 261 35 419
30 241 31 323
0 92 4 136
100 500 10
47 34 91 225
10 138 27 440
33 379 38 474
0 41 4 359
55 410 83 441
38 112 44 330
30 25 84 30
8 45 36 87
31 359 92 371
24 447 28 455
10 10 10
4 0 4 0
0 1 0 1
1 2 1 2
6 3 6 3
2 4 2 4
8 5 8 5
5 6 5 6
9 7 9 7
7 8 7 8
3 9 3 9
10 10 10
9 0 9 0
1 1 1 1
4 2 4 2
8 3 8 3
5 4 5 4
2 5 2 5
3 6 3 6
0 7 0 7
7 8 7 8
6 9 6 9
37 326 3
15 166 21 178
0 178 12 222
15 31 17 32
10 10 10
2 0 2 0
0 1 0 1
5 2 5 2
6 3 6 3
4 4 4 4
3 5 3 5
1 6 1 6
7 7 7 7
9 8 9 8
8 9 8 9
15 387 0
100 500 10
86 132 99 176
30 167 47 435
65 249 65 424
49 189 55 351
77 12 85 14
50 97 80 156
91 350 94 466
18 63 46 135
48 416 62 467
81 189 86 441
100 500 10
55 60 68 303
27 292 34 334
10 87 14 186
38 253 48 408
5 151 8 377
39 8 62 38
23 161 36 167
17 184 44 225
29 108 53 146
68 409 71 488
5 92 1
0 7 4 83
100 500 10
49 12 58 473
20 178 41 241
64 54 82 388
3 152 11 427
88 9 96 377
45 110 47 192
14 140 15 403
23 38 45 44
33 45 38 172
26 88 29 175
100 500 10
1 265 95 389
10 4 11 133
29 86 78 153
55 412 56 491
69 27 80 51
24 14 59 83
81 66 90 133
81 172 95 178
27 171 45 239
20 405 22 489
100 500 0
85 421 9
39 39 52 383
66 240 68 380
11 133 22 309
54 109 64 296
55 43 57 75
74 348 76 369
25 136 31 238
10 316 32 350
68 43 80 217
48 366 1
33 55 46 139
57 63 3
11 2 31 17
12 24 31 24
29 36 56 36
33 452 0
12 217 2
7 160 11 202
2 84 3 160
21 463 5
2 19 9 342
10 74 20 387
4 399 15 454
0 379 3 456
0 107 0 281
78 96 5
11 49 30 65
43 0 60 17
45 26 63 77
31 86 40 93
15 84 29 88
10 10 10
9 0 9 0
7 1 7 1
3 2 3 2
6 3 6 3
0 4 0 4
2 5 2 5
4 6 4 6
5 7 5 7
8 8 8 8
1 9 1 9
97 474 6
23 95 64 322
7 148 16 420
8 451 67 463
36 439 69 447
93 266 95 424
85 17 94 22
68 421 4
14 137 62 343
49 26 57 102
7 299 8 385
7 192 9 203
41 47 3
30 22 36 40
3 30 8 42
9 32 21 46
91 197 1
0 68 90 120
100 500 10
43 121 90 439
13 81 28 228
34 271 37 308
13 400 32 498
92 226 93 459
13 14 28 45
1 360 33 392
0 64 2 140
41 33 91 76
7 181 11 344
100 500 10
0 1 61 1
46 4 99 5
0 6 77 6
1 9 99 9
0 11 85 11
30 14 99 15
0 18 97 18
16 19 99 19
0 22 85 23
18 26 99 27
100 500 10
28 389 44 409
47 429 72 445
8 141 17 438
65 174 80 296
57 317 90 398
22 80 51 331
61 1 72 100
88 464 96 487
82 114 95 215
45 448 86 486
100 500 10
0 1 91 3
20 4 99 4
0 5 58 6
20 7 99 8
0 9 56 10
43 12 99 14
0 17 81 17
1 19 99 20
0 22 87 22
47 25 99 25
68 315 10
0 50 11 50
17 50 28 50
57 50 67 50
9 102 54 102
0 154 11 154
20 154 31 154
57 154 67 154
8 206 53 206
0 258 11 258
21 258 32 258
70 388 10
0 62 11 62
12 62 23 62
59 62 69 62
15 126 61 126
0 190 11 190
15 190 26 190
59 190 69 190
10 254 56 254
0 318 11 318
13 318 24 318
95 337 1
31 47 39 60
33 430 1
0 336 32 349
96 5 9
4 1 26 1
30 4 39 4
36 1 73 3
48 4 50 4
33 1 33 2
6 0 65 0
79 0 85 3
11 3 16 4
89 0 94 4
68 93 10
2 55 49 88
54 17 61 59
3 48 20 48
0 1 52 22
4 42 26 46
18 26 24 32
52 71 65 90
33 35 40 44
18 49 45 52
8 39 19 41
82 22 10
5 9 21 12
33 10 49 18
0 19 31 21
61 5 63 9
60 14 75 16
57 12 59 15
27 4 48 6
8 8 60 8
64 6 68 10
9 2 23 6
