10 20 1 10 5
1 2 14
3 3 3
3 4 16
5 5 5
6 6 7
6 7 16
4 8 17
8 9 10
10 10 5
7 10 5
2 1 6
1 10 12
6 7 9
9 8 20
4 3 2
3 9 6
5 1 11
5 8 10
10 8 16
9 3 4
999999999 999999998 999999997 999999996 999999995 
10 20 1 10 5
2 2 20
1 3 9
2 4 4
1 5 12
5 6 15
2 7 10
6 8 11
8 9 10
7 10 3
10 6 11
6 8 13
4 8 14
8 10 20
8 8 20
8 8 2
10 5 15
6 10 17
7 1 11
4 9 1
8 3 8
999999999 999999998 999999997 999999996 999999995 
10 20 1 10 5
1 2 15
3 3 6
1 4 14
1 5 2
3 6 13
6 7 11
1 8 9
8 9 2
8 10 19
5 9 2
1 6 6
5 4 9
7 2 14
9 9 7
6 4 18
6 9 13
6 5 18
8 4 1
4 9 4
3 9 2
999999999 999999998 999999997 999999996 999999995 
10 20 1 10 5
1 2 17
2 3 9
4 4 3
2 5 12
5 6 20
3 7 9
5 8 2
3 9 13
10 10 6
4 10 20
8 3 2
2 5 1
6 1 13
2 9 8
4 2 8
4 10 12
1 2 20
9 3 11
7 10 4
7 4 11
999999999 999999998 999999997 999999996 999999995 
10 20 1 10 5
2 2 14
3 3 12
2 4 6
3 5 17
6 6 9
6 7 17
8 8 2
8 9 11
1 10 13
6 7 8
6 8 6
7 6 6
5 8 16
3 9 16
2 9 7
6 6 13
10 1 16
1 10 16
2 1 13
4 10 3
999999999 999999998 999999997 999999996 999999995 
10 20 1 10 5
2 2 7
1 3 19
3 4 16
4 5 17
6 6 8
5 7 18
6 8 6
6 9 6
10 10 13
7 9 5
6 4 3
3 7 5
10 10 18
5 3 6
9 10 5
8 2 15
6 7 5
3 7 2
5 8 20
7 8 10
999999999 999999998 999999997 999999996 999999995 
10 20 1 10 5
1 2 19
1 3 18
1 4 13
5 5 12
6 6 4
7 7 6
1 8 11
2 9 16
9 10 10
1 3 8
5 5 5
6 6 11
10 5 13
6 9 17
8 7 7
3 1 6
5 2 13
1 4 7
6 9 18
9 3 12
999999999 999999998 999999997 999999996 999999995 
10 20 1 10 5
2 2 5
2 3 19
2 4 15
3 5 18
4 6 12
7 7 7
5 8 3
8 9 9
5 10 10
5 8 20
8 1 12
6 10 11
2 10 4
8 10 2
1 5 13
2 7 6
9 1 5
9 4 19
8 1 13
9 5 13
999999999 999999998 999999997 999999996 999999995 
10 20 1 10 5
2 2 17
3 3 9
1 4 19
3 5 6
2 6 12
1 7 20
1 8 14
6 9 17
7 10 11
10 1 7
2 2 14
5 1 16
10 8 15
9 3 15
8 3 15
1 1 19
8 10 10
5 2 19
6 1 6
10 10 17
999999999 999999998 999999997 999999996 999999995 
10 20 1 10 5
2 2 7
3 3 5
3 4 11
2 5 1
3 6 8
7 7 8
7 8 18
3 9 18
8 10 6
10 1 6
2 1 4
3 10 14
4 4 1
2 1 20
4 3 14
9 8 12
8 9 14
1 2 2
7 3 5
7 4 17
999999999 999999998 999999997 999999996 999999995 
10 20 1 10 5
2 2 3
2 3 10
1 4 3
1 5 14
5 6 20
4 7 6
3 8 8
6 9 14
3 10 9
6 9 11
4 8 5
3 3 15
4 5 7
5 7 11
10 9 3
6 4 20
6 1 10
5 2 8
8 8 15
7 4 17
999999999 999999998 999999997 999999996 999999995 
10 20 1 10 5
2 2 9
3 3 10
3 4 8
4 5 14
5 6 11
7 7 13
3 8 19
5 9 3
9 10 15
8 4 16
3 5 19
6 9 7
3 6 8
3 5 19
9 9 5
1 8 2
1 5 13
9 7 1
4 5 1
5 6 2
999999999 999999998 999999997 999999996 999999995 
10 20 1 10 5
1 2 13
1 3 6
1 4 4
1 5 2
6 6 14
6 7 11
7 8 15
6 9 13
3 10 4
4 7 13
1 4 11
10 5 20
10 4 5
4 5 11
10 6 6
9 8 19
3 8 20
1 3 3
1 6 12
10 2 11
999999999 999999998 999999997 999999996 999999995 
10 20 1 10 5
1 2 13
1 3 11
3 4 10
4 5 3
1 6 3
4 7 8
4 8 6
5 9 16
10 10 8
9 5 7
10 9 18
5 8 10
7 7 10
3 8 3
5 8 16
8 6 5
9 4 17
9 1 18
1 9 14
6 3 17
999999999 999999998 999999997 999999996 999999995 
10 20 1 10 5
1 2 15
3 3 1
3 4 18
3 5 13
2 6 12
7 7 18
7 8 7
5 9 3
5 10 18
6 7 6
9 9 20
7 4 17
7 9 2
4 1 5
6 4 5
8 7 10
6 6 5
3 4 6
7 10 2
5 1 18
999999999 999999998 999999997 999999996 999999995 
10 20 1 10 5
2 2 15
2 3 13
1 4 9
4 5 11
6 6 5
6 7 14
6 8 9
7 9 12
3 10 8
8 7 6
2 1 14
4 2 9
10 1 15
9 1 13
3 6 14
3 5 18
6 2 1
1 5 20
9 1 5
6 7 5
999999999 999999998 999999997 999999996 999999995 
10 20 1 10 5
2 2 3
1 3 20
2 4 6
4 5 17
5 6 4
2 7 2
5 8 20
2 9 12
7 10 10
5 4 20
5 4 15
3 7 3
1 2 10
1 4 7
10 2 13
10 5 11
7 1 3
5 4 4
4 1 10
5 6 16
999999999 999999998 999999997 999999996 999999995 
10 20 1 10 5
2 2 19
3 3 17
1 4 16
3 5 10
4 6 3
6 7 20
7 8 3
8 9 3
9 10 14
4 8 15
9 7 10
5 6 5
8 7 4
8 4 13
7 4 14
3 6 14
5 7 12
1 3 6
5 4 11
7 10 20
999999999 999999998 999999997 999999996 999999995 
10 20 1 10 5
1 2 3
1 3 16
1 4 14
5 5 16
5 6 11
1 7 2
8 8 1
6 9 1
7 10 5
10 2 4
1 9 10
1 4 20
7 7 17
2 5 10
8 3 15
1 7 11
10 6 12
2 5 8
7 10 6
1 2 7
999999999 999999998 999999997 999999996 999999995 
10 20 1 10 5
2 2 2
2 3 7
1 4 17
4 5 10
3 6 4
2 7 16
4 8 13
1 9 17
4 10 15
8 10 20
7 6 3
9 9 7
7 1 2
10 4 6
7 7 8
5 5 1
10 8 18
5 8 7
1 5 4
6 1 15
999999999 999999998 999999997 999999996 999999995 
