100
100 1
10
34 3
5 6 7
34 4
1 1 10 10
36 37
389 389 389 389 389 389 389 389 389 389 389 389 389 389 389 389 389 389 389 389 389 389 389 389 389 389 389 389 389 389 389 389 389 389 389 1000000000000 999999999999
1000000000000 1
1000000000000
1000000000000 2
1000000000000 999999999999
1 1
1
35 4
1000000000000 1000000000000 1 1
300005 7
1000000 1000000 1000000 1000000 1000000 9999 9998
749967150709 3
46727935227 21924731178 20073690920
969560038599 3
48926226078 28177688142 22682736690
996431273051 4
49906502716 28734010939 23947125540 15329337381
872543031772 4
40795081914 23803673709 21012172616 3411334722
394512429160 4
40466171331 37847400658 37019916483 10192837424
518289172517 5
49709667303 14539249067 9932693330 7719420607 1446570410
217803973051 5
48805312320 45470763034 45032401029 39635202675 5674707110
990898696503 5
36910375437 35269960206 29998954333 20399522799 11017802562
679747694708 6
38931911498 20950496892 19964279342 13591191042 12688030870 7276195258
797019275262 6
43364376592 36574423435 32721055977 23201110513 19521888720 8724931795
804091339835 6
46156947149 24311102547 21202697948 17764688033 5580524490 2249338839
963157627229 7
47256164220 41117163621 29796400108 23597644835 19905978973 19071826672 7069297677
539148705152 7
49596138796 40477093917 40026837087 17093625763 13531605010 7081957140 4897639448
937797380496 7
47745784490 39134385417 26816678364 26183401975 13152090388 8605848428 437224563
769394714867 8
49918315854 44056293651 39748306420 35129716252 24251310284 23680183916 20283294174 19826400504
951758181422 8
48090828770 45128649221 42318453153 37245615589 34888429069 31909643464 23292711875 16440369321
899052589846 8
44411611446 44246713605 41125799359 33363078595 29298779515 24194951015 13497722364 5869367192
989732212301 9
45722586227 37645971663 36438220928 31035026955 22324231562 17992900206 10733779155 5202462579 4786726901
716563313599 9
42225514541 34417649498 33974330543 33282233660 23490573647 19683259457 15746081136 7542419626 1915506052
876172125434 9
47456126785 42887660820 39895277773 37172713330 26384073619 12507431088 11159814852 9270279064 1194515346
725807712259 10
46383411834 46313507263 46150863692 43840333983 40576410737 39631779986 37212131306 25257471322 12390736767 1387960644
992215360432 10
48641813583 46879554724 44679483825 40464308742 36921889187 36213410933 34101380529 21085597643 18001756114 12926404054
765444520114 10
39697483952 37406103508 26592721214 25618001153 22288412163 19567152252 15326769063 12466069559 6213417656 4087697242
924670170894 11
49295191223 43654739981 39075768160 32027591499 28915901713 22193564007 20794445850 18283969834 17792286524 12163020960 12097159685
909850636200 11
47712460639 45383789763 38884030948 31337448150 31306732373 31182575428 29323820531 15845304058 12488086939 2950617633 1188015788
843781735543 11
47910883648 47770951011 44122005867 40551884423 34708562803 34684742703 26684370096 9474373480 5466833898 3865166188 887848386
850780442344 12
46808482077 37778292906 31761278206 30169814701 30068531466 24956267713 21879562832 21814887622 20813820578 14346438125 5876210450 5067724003
998446701631 12
44244317103 42600499295 42065553515 38150506917 35581621763 33252077144 28815193490 23791917690 22008033471 17433432561 9004028012 6500449315
950373419813 12
49089404490 48739411395 47574838553 31656843850 23844773202 17569471101 17566169511 12715395147 11723279548 4751253389 4694199524 1437885815
913945409172 13
44950355209 41988704954 36628976154 32879523235 32006051128 26997009527 25468763815 25193059787 17266268777 15106629648 12675017463 10283592814 6082464624
953322318900 13
49369463998 45614822273 45059432874 43511887612 39431925874 38752795885 37270401548 33854862943 23524918871 16082783957 10882689277 10297054111 8783364376
835571640573 13
49429296709 43683621377 41227767925 38842161078 37693118943 37425331955 30485844076 27898153029 20290738291 14059734350 12661054494 4623294338 207852894
676168420065 14
41854307250 39332299352 36630561802 32285527456 24479198532 20801936470 17396510782 16851752727 15243102779 14577427907 13038681881 7925868911 857766818 472884684
813319013679 14
43113842822 42462956499 37520619364 35377778401 31288061557 30227940386 26614683707 26336938705 25278534468 24466507825 19756763166 15424075647 15319308712 4474203529
955931937885 14
41660909412 39353368171 37253120411 36878439944 35845458915 34721502137 32510880991 26848022555 23950696677 19770722929 19350785277 15293797546 12961660412 5714678871
922173187497 15
49538770336 42786583734 40365199604 37830926310 33436590868 27202031223 21993603911 18004635934 15231530841 14396039974 14279881580 9716473338 9638987061 9096785043 8237751374
933513395739 15
46061249386 41645770156 38120163352 37551113546 35982923145 34015531319 30810023082 30716437181 26071185179 25859079111 23282078374 21777842470 10518589211 10066803076 4822575898
993420464245 15
47865802669 47104388383 45425027312 38382820958 37749880149 36202268317 31996061717 30683021733 25290067881 22917631453 21558360944 15407279826 13330984239 10849160816 6340863597
985779755035 16
49404516918 45226922367 44380840678 44008761392 42110995282 40056909460 36308345648 33063746802 18783827043 17827664391 11875988082 11351982624 11278231176 9369193859 3226523240 355693187
640864638542 16
49663033735 44741848022 40905953070 35890958276 32725419765 25250630304 24638120407 19776285486 19662940677 16622853659 16294462153 15239933114 13512395935 9518831941 5772011808 867065702
808401262483 16
44372786573 39154092234 35311847436 33030523512 31678887351 31639021560 26303715079 24230602898 23513882233 22406372614 18452877979 17057503768 14685918510 13633537724 10034288228 2089706844
788887128956 17
39704769219 38748376980 34676551282 33980585148 31844411049 30659247963 30575015400 29225960482 24034869790 23825447443 15886841873 9881804160 8199270038 6327979036 5907342783 4545393145 3139633747
823066230156 17
48703421443 44241654501 39492419706 37499365291 31135092623 30275569637 20883943891 20325612964 17742390354 12011841308 9742338924 8429513820 8058669662 8049293113 5213233998 3354697826 1664892731
907592572758 17
41532701044 40212326681 39701409174 37904388542 36703670198 35398257035 30224096974 27422022813 21403905031 20593859010 19571683556 18770613301 16052972068 10255556669 8872705057 8851836337 7734144511
835035588358 18
46317065279 42897484104 41755490530 40703323008 37503577586 33807050439 31168371380 29639300392 28484327860 28116092103 20463207591 17873908871 16270504255 13629012197 12449620477 10687779395 2941921542 1258929188
890301328782 18
48737912135 44790344047 42077647529 40102400121 36540065828 34450255264 31875393667 30765059736 29361592205 24538159489 23649055764 10845427564 10165092377 6984043450 4923140271 2050730673 1765553748 733335458
805654307927 18
49261340645 48589905134 46839754647 43732177036 38651334103 35768217458 34276664375 32994218261 32061703748 28008432081 26703891308 21768203162 21669251461 17134693570 13415202251 13266221729 9467922943 6155882809
659124602479 19
44275608655 40861303124 34641763058 30735206842 29273490122 28807670034 27942670575 27793772654 23560116288 21541464870 20643438395 20014979800 19059569248 16488900356 15656740649 6054107099 5319375410 2550683627 472366375
484295848585 19
44011211127 41546062074 31962120167 29362440161 26700950954 21506958514 21369681896 21255950391 21155397781 20135276652 19628923155 16956118525 12203921061 11522795042 10467349473 6991421119 6596101556 6335904027 3545449513
905963725165 19
47610246137 45857786989 45247351944 41297541782 40864827537 40150611578 39629823403 38066466599 34454982512 31093063310 29029081214 27787051679 25341234292 23684813390 21242560201 18642983616 16610917103 8706783840 8271039169
737186980633 20
45763999710 40634571572 40396890643 33045380378 32492667196 30084470444 29761354373 28180123600 25574099263 20394480807 13615131707 13200682791 11398603288 10116510526 9462800443 9043631213 6739688134 4787395335 1847194586 1293308864
850274121071 20
47989989789 42646667731 42238586144 40825549448 39877434403 35113976616 35023669597 31176243213 27471781724 25982527660 24203670532 23626952800 12751661492 12512194501 10925834258 10605379533 7183226431 6667920435 4229507602 3099066658
871060905748 20
49337651744 48763830456 48733802640 45868228579 44830568355 44660082450 37950577386 34606589957 32258317501 31071747647 28853540979 27243602497 25089273237 19838411375 18126589838 17003452399 13078173109 9658739004 7902525465 2725452824
856139098677 21
44368039786 43069093641 39688806271 38084761545 37284636266 36481783070 35439742174 33630386303 29266722360 29134950881 28925017995 19509939133 15895509035 10760857188 10465323953 9529625154 5601103440 4977816493 4849933824 2306771429 2199209355
678149799718 21
49930034237 47536069743 44070064639 40782588841 40436954365 30948752894 29459886494 29133909463 25171759816 24657251214 20504702034 18226125946 18125508873 17377253341 9500644356 8242761939 8232665126 6249237448 5305577918 5073819994 66266704
759400126718 21
47565505141 44506169880 44014753221 40077204029 39423511196 39010833654 38372507683 30369957482 28567835365 26436139327 26322791721 10537142379 5535411351 5446435904 5083291363 4196269175 3728677048 3503670270 767917513 674730264 528328580
700944563848 22
49770326004 47661341977 42513876755 40168834365 37270632355 35933653292 33079637980 31045017659 28727688218 25556550354 25444754779 22972545113 20558564916 17392784194 14949602638 12201499077 11423086174 8865349110 5222234208 4233440432 1727971906 84877144
762577861246 22
48925156054 41954191674 39321092282 37031923210 35289024129 34487685044 33090410076 32707137459 27638840312 23392849782 18854783946 18746678567 18431384030 16109376560 15789551519 9977009079 9183333978 8189051053 7641375377 5275127489 4060343892 2639419481
757802966801 22
49907063763 47208817375 46549691351 43943066934 43007861342 36529756880 36026190185 33299831092 31643032016 31329950000 26071153094 21050905912 16314810033 15713110946 15214472518 11012402194 9754273338 9391973487 7679374986 5251957664 3978756404 3485962275
496129400351 23
45297766998 38599065976 32447723774 28334467913 26635551723 26048323365 24962154607 23590899031 23484190698 22271967018 21049953605 20471322540 18563175677 17472597805 15362944786 15044944407 8162275193 7236514616 5267381916 4595813578 3918727628 2890955501 2213906580
752486130767 23
46289041704 45688801137 44767211624 40168842122 35438122324 35356595184 35322557583 32935206266 30666660556 28402933441 25018678624 24526684072 23974175995 23964964866 15152234424 9015344032 4941972242 4440231980 3997179074 2828860348 2487357517 2025342667 1192231109
754263823278 23
48033830770 41694980011 40469566293 38479858094 38141031712 35389007446 34068732785 33514656375 32382796464 29477080640 21619415784 20009775799 18891919045 17786545396 17405762747 15599777656 14915423236 11141552338 5639239908 4942040701 4713216571 2494960596 641704716
734222933214 24
49090735552 46913087218 46657162253 45006824095 44381307589 44332965196 35339318951 33589460820 33386544733 26092861915 24367567626 22802968379 22050900338 21048338843 13040178376 12622433954 11439532486 9738554168 7766096598 7696974352 6310932291 6235504717 5362053795 4025421472
666006284096 24
49685198396 47879983560 45997350431 44589787526 44345092321 39854289983 38333698086 34001410485 31745712266 30233311470 29213523329 27217959081 27137196225 17439776522 16865303024 15515089997 14181511894 12387621694 8495994228 7018032215 6563975375 5690670266 2680158269 2233535763
609609825931 24
49950990602 49289185420 48917569264 44970831326 44953646944 35496545501 34507625140 34359136116 30337468694 28000342857 27582507605 25698377598 22785240863 21184480082 20630819113 17054761299 16269140873 16120164547 11645220132 11074608388 8022830973 7838033618 5324275030 608494523
699260636344 25
49958999101 45886031608 44416328520 44238220759 40897682614 40581557163 37111888010 35181061341 34757726582 32387201217 29498943708 25102089679 24112659361 22662520884 19140633775 17873973608 17109028384 16209840074 15805310722 14386063348 10972974144 10733543026 10141167499 6866558063 953200460
614881051176 25
45109283471 41361573554 38817241406 37886890700 37296798594 36418435818 35228183045 34369969462 30225909054 29731233261 23322731019 23277784647 21712001541 19981262345 19348292772 15917799323 15324819089 14455179606 12199234093 11491736419 8921783709 8150050873 5366833244 1579306848 664353547
591081072334 25
45135272700 37904722223 36537209325 33405009293 33227767438 32255149436 31902434302 30561531263 29937053970 29894340933 28043044618 22711864667 22374928114 21201263109 19964315097 19673887408 18631019329 15821529028 14274155939 14019427287 9792772221 3498054274 3205670261 2067484488 1982682053
590198022372 26
49795630847 48730052909 45215872868 43758268809 37767406012 35978840708 33643533810 32359252317 32310968037 30830552405 30432751865 29611760863 29262419433 28557299401 26932327406 26405495534 26354273184 20674453192 18946196742 9559651458 8019604915 7345433186 7129257294 6431183660 4412714014 3603708112
659382939677 26
47503952587 46232026911 43780748070 40517755299 37593873806 36560302835 36167845371 35335877971 34249186939 32761698486 32436669036 29608314337 28341385353 28167190840 25107517506 24393323707 19374981915 17891186487 15693480003 9686346200 9434883250 8230804375 7231178775 4951617302 4710686647 1573030396
423562775791 26
49939812469 48046770908 48008701182 45984307979 45378145005 38201412550 36998827809 26361304085 23720475249 21565719052 19857337949 19402165308 15516531175 13187173528 12995817944 12601698842 11419895466 11329968074 9848531561 7911013501 6705784353 5992175452 4276375364 3205304405 3151402570 1310463121
545765423099 27
49610010281 45111822272 43001422192 42074007839 41954839624 40412770352 37090178020 34510149229 30195406843 29197340948 25662905185 25154096338 25057095656 23668129621 21832281660 20971859545 18696738201 18017632289 14587993948 12061374979 11434346627 9739568910 6280018386 4276445654 2874287132 1548209825 699798541
681731483715 27
48166403233 47931968860 47421213187 47369956652 45129296158 44373967772 43555048738 42093787300 40830979177 36514514441 36380144693 29125351620 27023459159 23347703766 23319668633 22884360847 21811337779 21138515748 20880390938 17672600006 16851140326 11972666990 11679725479 6098290127 5128949075 4557459227 4288641779
580819855217 27
48953189997 48787632823 46582442979 45115752015 41873142694 40542985612 38060852697 35966507876 35090537295 33441424398 32892468158 31516811663 30375276804 29352339847 25181516857 24905961465 20224529103 19778261526 18306187358 17493574384 16880189483 13621047823 11131838258 10472575772 9267684800 8284234331 2414105897
574419223953 28
48415987997 48072200367 47828858737 46904655382 44744577923 42150138575 40584411200 30767009164 30281177248 29554734187 29415782398 27552390538 24864549975 18002391303 17219709979 16442289916 15650841940 14275412942 13820031272 12508015365 11649260250 7493905270 5490129204 5381183353 2325690204 1057674815 287374863 121965509
579768728194 28
47409475972 46539324688 45958724217 42361040099 38452120969 38397519118 35897540822 35047645858 30751697030 30450984207 27081190579 24854759543 20481179453 19359797540 19242082284 18982761746 14787497441 13567519496 13058392016 12984611560 12632581854 10426975631 9832510489 8135512416 6023508308 5568069900 4858306415 530588724
538836528242 28
49926091110 49502468973 47224455998 46725084314 46202233537 41058773682 38053198991 37685600757 35039066909 30470890472 29659634776 29493912006 29047988003 28069656174 25814489378 24757116940 21344692079 16288573241 14750726340 14587351898 12612606217 10259998957 6618633218 6277283925 6175471371 4471115453 3012468360 635796166
551726100249 29
44414476434 38718136799 38133462883 36151398090 34843430128 34822143114 34604165095 34490006593 34185089681 31405839644 31173365795 28989477458 25941852355 25718190414 23950990293 21605426036 19907363604 19073259033 18216949904 17495566316 15764684560 13710626916 10912562827 6271015952 6013866178 5387307701 2406537886 1858112459 1834414452
528390398231 29
44628261120 44171757854 41060139778 40911112868 36232744780 35810476216 33006428196 32169094991 30571315778 30292910760 29882883057 28504967888 24636298650 23778373736 23360266405 23056344462 22678427470 18773966906 16743742613 12861006747 11547811479 10940141873 9266152277 6042720790 5760664847 5739627019 2097040632 1473461605 1303545852
346128184725 29
49855078496 46940656287 40973170285 40613242979 38961454885 36443890270 32052445132 28823961421 23820596028 20440028799 19033680693 18619791655 17991052722 15023454703 11582042601 11169774100 10409209179 9046825710 7956452125 7875294198 7519199846 7235568075 6376182327 5702597125 4153481603 2929067279 2545906590 2458528632 153084823
500832505672 30
49925432622 49846611895 47939458684 43997452877 40208474020 38727365000 37568341177 37240411418 36220653838 36081762761 32309037920 32155704923 31524815136 28719698751 28494962374 24766789861 23973922642 23357220063 21068583962 20807484947 17178115397 15678588300 15254158613 12851808358 12590247216 11385816000 8410765773 4429770219 3280351700 3273676013
501043053384 30
48698280717 47735078936 47117934318 46261046163 42124750640 42123577424 39871555586 39081394687 38634932746 37203347159 35953236724 35243460758 35008005294 33185337872 31890541107 30020806617 29822272702 29548538000 29040782996 27961293200 25281373620 22607516322 22433892321 22278424172 19110711117 15680587486 10995663206 6524305640 4837314219 2270274791
473243361806 30
49513049505 46719543585 44792384481 41987000098 41620562610 41534567496 39119605784 34811437465 33796636975 32901228240 29700752124 26279745839 26257292164 25835031499 24246874245 23725362294 22934891216 22916940551 21009753511 17429547441 17040194515 15139078106 14817574033 9347179879 8988402062 7748189011 7108225256 5960727280 1113927194 1077257322
390383000273 31
46973757260 43450934224 42160949384 38494079014 37977901220 37093615311 34945638132 32843531796 31887267433 24309517303 23284573635 20871039989 20678265174 19281054073 18576035190 18287493556 16977078865 15750466303 13554354000 11681099506 8844810955 8424291239 8159563409 7540864466 6842248132 5793232125 5042475503 4336773517 2682335623 1325920974 366511638
720669995675 31
49538492324 48832843633 46455390781 44776586858 44516959701 43277698963 41189643564 40734296079 40510839416 40155182942 36165596909 22016014697 21744143364 20694116279 20175968141 18536885892 18485651005 12714689905 12345341278 11755595610 10212773875 9565325543 9195492788 9187581802 6216290265 5641677972 3782244799 3132667529 2735186582 959584521 538292112
612723745252 31
47931692683 47341902555 46136339903 46061510792 45909544402 44855416999 41270777888 39890751636 39057635069 36893364240 36532611547 32612341547 31990066547 31903190474 27638263577 25569110176 25214255668 24859000830 19269244071 18966279883 16960420363 16357829364 15228627305 12610931293 12199562380 11165309768 6888796388 4692703742 2183624199 775940319 38657076
556827678440 32
49191083856 49097983269 48410181246 47658736725 47443494956 47328872734 44783604499 42906707225 39444323690 38203689390 35307931587 35300191487 34049878825 29355982778 28009788476 24705546883 24129207266 22649625161 22211650579 22043253095 21063087507 16277267388 15449233347 14406419749 12018544974 9097412096 8768492012 8479048018 5558525842 4109281999 2717119887 577742853
493928279910 32
49587906320 48361445564 48348263720 48240534797 47516226513 45420810654 44951225295 44448984382 42153429239 42007752893 40279975471 38360373546 33639366642 31430928207 30887667477 30665987655 30544045349 30016888373 29526744867 29189613122 27444941203 26158450117 25756769432 24742039109 23335082312 18810657327 18574677080 13417172151 13335573169 11180311428 10286499608 6137644112
404897865831 32
47943714634 46297731078 43217272602 41785848946 40937511068 40919636333 39379019711 37733241108 31452260495 29290661638 27537198047 26462492367 23444461930 23216506453 22838042746 20617923801 20569015801 20371480836 19755434159 15977500304 15757634194 14273951893 11679320997 11092015526 8857042989 7795475084 5767280302 4443735289 3725312473 3622164639 2310411443 549732485
489855406718 33
49835397753 47866842726 45755746227 45500016821 44699345519 44509377962 42401560015 41856915798 40809721073 38501738328 37547740300 34002512661 33969818107 30648394334 30157811713 29841972118 26409101971 26157497754 25321740516 24365374197 24052338042 20431224756 17273211222 17184367060 10456170879 9751864732 8236959548 7926171382 6872985461 4520551106 4427906794 2113481672 88466443
518217032957 33
49025294311 48911808721 46714408199 45847315699 45218005754 45017754033 41945549882 39045205994 37716961203 36856808210 33008481750 32025796005 30439163174 25473130320 22657211331 21484207070 20679582672 19510800859 18018683698 15239520539 14492898097 13178873702 12680307548 11988400685 11356614058 11271981375 11088040281 10417125126 4632634254 3116225075 2257859717 1969876986 474730601
