100
100 1
10
34 3
5 6 7
34 4
1 1 10 10
36 37
389 389 389 389 389 389 389 389 389 389 389 389 389 389 389 389 389 389 389 389 389 389 389 389 389 389 389 389 389 389 389 389 389 389 389 1000 999
1000 1
1000
1000 2
1000 999
1 1
1
35 4
1000 1000 1 1
27 35
100 100 100 100 100 100 100 100 100 100 100 100 100 100 100 100 100 100 100 100 100 100 100 100 100 100 100 100 100 100 100 100 100 8 9
67 3
80 60 30
543 3
61 35 34
793 4
82 77 73 23
1000 4
83 50 41 36
664 4
100 58 19 18
740 5
83 78 48 22 21
980 5
59 38 29 27 16
558 5
73 47 44 38 2
973 6
63 50 23 14 5 3
800 6
94 84 58 24 21 7
709 6
99 79 70 40 14 4
648 7
97 77 56 50 9 4 1
738 7
85 77 56 50 47 21 10
979 7
86 69 67 57 52 45 13
878 8
97 57 49 24 22 15 10 7
945 8
78 77 30 20 20 18 13 4
869 8
77 77 68 56 49 42 26 5
997 9
88 74 70 68 47 30 27 27 10
988 9
95 92 76 66 64 58 46 37 27
809 9
96 72 72 65 61 49 23 6 1
862 10
98 89 84 79 71 60 43 24 10 6
768 10
89 81 79 71 59 55 50 24 13 7
855 10
96 89 79 72 64 36 36 24 16 7
993 11
82 55 49 41 38 34 29 28 16 13 12
825 11
100 88 86 83 79 78 48 46 23 16 8
996 11
98 91 90 87 81 76 70 62 36 10 4
1000 12
100 91 81 53 42 35 34 27 22 21 15 4
917 12
98 91 90 71 68 61 58 58 26 12 3 1
998 12
100 100 99 85 68 65 49 47 46 35 22 11
880 13
68 68 62 52 45 43 40 33 33 31 23 14 11
778 13
90 69 62 54 52 52 46 22 19 18 15 12 11
984 13
82 81 55 51 48 42 37 35 27 14 12 8 5
894 14
100 99 87 82 81 72 64 51 40 34 25 24 19 16
854 14
95 90 83 77 59 58 41 39 30 24 23 16 12 3
885 14
91 89 74 67 60 46 43 42 23 19 18 9 4 4
983 15
95 87 81 72 70 65 62 60 57 55 40 36 21 16 15
915 15
83 78 74 74 73 72 54 44 32 28 25 14 3 1 1
1000 15
94 93 93 64 62 60 60 51 49 40 29 28 21 13 6
1000 16
98 78 78 75 70 54 50 46 41 33 32 29 28 17 7 3
1000 16
90 89 87 75 59 52 51 49 49 45 38 37 30 27 24 10
973 16
98 94 90 88 81 77 75 61 59 56 47 40 28 27 15 13
973 17
97 93 86 77 71 61 59 52 52 41 41 34 28 22 8 7 1
976 17
99 83 74 73 67 62 62 62 51 40 40 38 26 23 20 16 4
959 17
86 81 79 71 70 69 68 45 42 38 34 29 21 19 11 10 6
885 18
91 78 76 73 55 54 46 45 42 29 27 22 22 11 8 5 5 2
784 18
94 90 79 75 73 69 64 59 57 54 36 34 29 28 23 22 21 2
928 18
97 85 82 80 74 72 72 71 64 59 46 40 38 18 17 15 9 7
818 19
93 83 72 68 67 54 47 46 33 31 22 14 10 10 9 7 6 5 2
754 19
99 95 88 83 80 80 74 71 65 48 47 30 22 21 18 16 16 13 1
728 19
100 99 93 92 80 78 77 70 70 70 64 56 47 31 26 19 18 13 10
876 20
97 90 77 65 62 61 61 59 53 39 34 32 30 29 23 20 15 14 12 6
952 20
98 93 82 80 80 70 63 63 55 54 49 44 39 36 34 34 29 26 5 5
971 20
97 86 76 68 68 64 62 62 50 50 47 44 35 35 20 19 12 8 4 4
998 21
92 81 79 77 75 74 69 63 59 58 58 57 46 44 44 41 40 37 22 18 18
960 21
96 93 82 78 77 76 71 64 46 42 38 38 30 25 17 17 7 5 5 1 1
733 21
96 93 91 78 75 73 72 72 70 67 65 50 34 31 25 20 14 14 14 12 11
1000 22
96 89 88 87 79 78 73 69 69 66 62 49 45 42 33 24 22 20 17 13 11 4
934 22
99 92 91 86 86 83 80 69 68 63 63 61 54 40 38 36 36 35 28 22 22 17
926 22
93 92 92 91 90 85 83 82 79 71 55 35 29 28 27 24 10 6 6 4 4 3
948 23
98 96 96 92 91 89 86 83 75 75 69 67 60 57 52 49 47 38 29 19 10 10 2
982 23
99 98 80 78 71 69 66 65 63 57 48 45 40 35 28 27 27 23 22 21 7 1 1
917 23
99 97 95 94 94 89 89 88 83 70 69 68 67 48 37 37 34 31 27 26 20 18 14
919 24
100 97 84 83 83 82 82 71 67 59 55 55 50 45 44 38 38 37 31 30 18 17 17 2
980 24
98 96 95 90 85 84 79 75 73 67 63 61 56 55 52 48 44 26 20 13 8 6 4 4
996 24
98 81 79 72 62 62 54 54 49 44 38 35 27 27 24 20 19 16 13 13 10 9 6 5
1000 25
99 80 79 78 75 70 65 63 61 61 58 56 53 52 50 47 43 42 34 27 26 24 11 9 6
967 25
97 97 89 81 81 77 73 71 66 66 59 58 45 44 36 31 26 24 18 17 14 7 4 2 1
854 25
98 97 96 95 92 91 89 83 83 73 72 65 59 56 45 39 30 30 24 23 23 7 6 6 4
1000 26
100 90 79 78 77 74 72 69 69 61 60 52 49 49 35 34 33 31 19 13 9 9 8 7 6 2
969 26
99 96 94 91 88 86 80 76 71 70 54 52 51 48 37 30 21 18 10 10 10 9 8 8 8 2
1000 26
97 92 90 85 84 83 83 76 75 68 61 59 54 50 49 47 28 27 26 23 22 14 8 7 6 1
1000 27
95 90 88 86 84 82 78 77 74 68 66 63 61 59 59 47 47 45 34 30 25 25 24 18 8 4 3
972 27
96 89 84 83 73 72 69 69 65 60 59 54 50 49 47 46 41 37 25 25 24 21 20 13 8 7 6
1000 27
100 99 96 94 93 90 87 81 79 75 72 71 66 61 58 54 53 52 47 46 43 22 19 12 7 6 4
969 28
99 97 89 85 85 83 77 75 71 62 58 53 52 51 50 44 41 40 38 36 31 29 28 27 25 7 2 2
987 28
96 94 92 88 88 84 77 76 75 72 71 70 68 59 54 53 48 47 42 39 30 29 20 18 16 15 12 9
996 28
95 92 92 89 85 85 77 73 68 64 61 59 56 56 48 46 45 42 39 38 28 28 26 25 14 14 8 8
990 29
99 96 96 93 91 90 87 86 83 75 73 72 72 59 57 48 42 37 33 32 31 28 23 22 18 14 8 7 6
824 29
97 97 95 83 82 82 79 79 79 68 60 59 50 47 46 41 39 35 30 28 27 25 23 21 18 14 13 5 5
800 29
98 94 87 85 85 80 71 50 49 48 45 44 43 41 39 31 30 29 23 13 13 11 11 10 9 8 6 5 4
1000 30
93 87 86 85 81 81 77 77 75 72 66 65 64 63 63 61 61 49 45 31 27 23 23 22 18 18 18 10 10 10
1000 30
100 94 94 84 79 77 76 74 73 69 66 64 60 60 53 49 46 45 41 40 32 25 21 20 15 10 8 5 3 3
806 30
99 90 89 88 84 80 75 63 60 54 51 50 48 46 45 42 42 36 35 34 32 29 24 17 14 9 7 6 2 2
767 31
90 89 82 80 73 62 61 59 54 53 52 52 50 49 45 40 39 36 33 31 30 29 28 27 27 24 19 16 4 4 2
1000 31
98 88 88 88 85 82 81 79 78 77 77 67 65 65 64 59 56 56 45 38 35 29 28 25 23 17 17 14 14 7 4
1000 31
100 98 97 96 94 90 87 80 78 72 71 66 65 62 60 57 54 53 51 42 41 37 36 31 25 20 18 17 7 5 3
994 32
90 86 84 83 82 80 79 76 72 70 67 66 64 59 55 51 48 42 41 41 36 32 31 29 26 21 17 15 13 13 13 9
958 32
98 98 95 90 83 81 77 73 72 71 71 68 66 60 55 55 55 54 53 49 37 36 32 30 28 27 25 24 18 15 12 11
874 32
90 90 88 85 80 75 71 71 69 67 63 61 56 54 52 51 49 43 38 38 38 32 32 28 28 26 25 25 18 9 8 1
720 33
100 97 96 95 90 85 83 77 69 65 58 40 35 30 26 22 21 18 17 13 13 13 11 10 9 8 8 7 6 5 4 2 2
903 33
98 97 96 96 95 93 89 89 85 83 79 70 69 61 61 58 55 54 49 45 42 33 28 22 18 18 17 15 11 6 6 4 1
