100
100 1
10
34 3
5 6 7
34 4
1 1 10 10
36 37
389 389 389 389 389 389 389 389 389 389 389 389 389 389 389 389 389 389 389 389 389 389 389 389 389 389 389 389 389 389 389 389 389 389 389 1000 999
1000 1
1000
1000 2
1000 999
1 1
1
35 4
1000 1000 1 1
27 35
100 100 100 100 100 100 100 100 100 100 100 100 100 100 100 100 100 100 100 100 100 100 100 100 100 100 100 100 100 100 100 100 100 8 9
849 3
99 46 39
747 3
75 63 56
362 4
57 49 47 35
505 4
56 46 46 5
999 4
73 64 29 23
735 5
96 91 88 86 60
949 5
97 68 58 36 8
319 5
100 91 77 72 35
924 6
100 79 48 23 4 3
826 6
96 86 56 36 21 12
560 6
76 55 50 43 33 16
993 7
90 75 69 59 47 35 30
913 7
89 83 80 66 19 15 12
892 7
83 61 55 26 25 10 2
825 8
64 53 51 50 41 38 34 15
775 8
90 81 70 69 69 63 49 4
757 8
95 79 35 33 17 9 8 4
946 9
94 73 65 57 49 35 31 24 24
987 9
83 68 63 63 51 45 32 24 13
945 9
97 79 79 75 65 58 47 45 12
845 10
95 70 69 60 52 44 43 42 25 1
993 10
78 74 73 63 50 41 28 17 10 9
886 10
97 91 89 81 81 51 46 24 13 9
728 11
96 84 64 52 40 37 23 18 4 3 3
862 11
93 78 58 55 49 47 29 25 9 5 4
974 11
60 55 54 46 43 42 35 34 6 6 3
795 12
100 80 72 55 50 46 43 26 25 24 18 16
922 12
95 70 67 62 62 56 54 53 53 22 20 18
791 12
100 99 68 67 56 53 45 45 22 13 11 7
907 13
98 91 91 90 87 80 79 71 66 26 18 18 14
994 13
99 96 96 86 66 59 48 40 39 36 33 29 4
980 13
97 90 65 63 55 49 46 31 20 17 16 14 7
936 14
92 85 79 76 75 61 58 58 55 53 28 6 3 1
644 14
86 84 72 72 72 68 68 66 65 51 43 20 13 1
1000 14
98 95 87 86 64 62 50 43 40 38 38 29 21 19
968 15
91 90 73 65 61 56 53 49 30 30 28 28 24 16 13
956 15
99 97 91 90 89 85 79 76 46 37 28 22 9 9 8
923 15
99 85 85 80 60 55 40 33 26 24 24 23 20 13 1
910 16
87 84 77 63 55 48 48 45 35 34 32 25 21 13 5 5
1000 16
99 96 93 75 67 66 55 39 31 28 23 22 20 19 17 5
1000 16
98 83 79 78 76 69 56 55 40 33 31 27 23 15 10 7
998 17
97 96 95 76 72 70 68 64 61 59 49 45 44 41 37 26 10
973 17
96 89 86 83 77 74 65 64 61 52 42 42 35 32 10 3 2
960 17
98 88 87 83 79 78 72 63 51 47 36 36 32 27 9 9 4
964 18
100 93 92 92 92 92 90 86 69 56 49 45 37 22 12 9 9 2
932 18
94 87 81 62 56 52 47 47 44 36 30 25 24 14 12 10 9 8
911 18
97 88 74 59 58 54 48 46 44 38 37 36 35 18 10 9 4 2
1000 19
100 90 84 80 75 71 63 63 61 54 49 45 41 28 26 22 22 11 8
972 19
91 88 85 81 81 79 72 71 66 54 32 30 28 23 20 14 14 7 2
1000 19
96 94 93 77 71 70 64 63 55 53 50 41 40 39 27 24 23 19 13
971 20
99 97 93 91 84 81 79 76 74 73 67 62 48 45 39 37 29 23 12 3
952 20
96 95 93 91 83 83 82 77 76 73 71 63 59 56 39 33 30 15 15 2
948 20
98 92 75 69 65 57 56 55 51 47 39 37 34 26 19 17 16 15 13 6
997 21
100 82 78 77 69 66 65 64 63 60 55 53 48 42 32 30 21 19 19 14 11
995 21
100 95 87 84 80 78 73 66 62 62 62 62 48 43 32 29 26 24 15 14 7
864 21
99 77 64 56 54 48 45 40 37 36 35 31 29 29 27 16 16 15 12 9 4
919 22
97 87 85 84 81 80 80 77 72 65 64 59 48 46 46 45 27 23 21 17 13 4
1000 22
97 96 95 91 75 70 66 64 63 54 49 46 44 42 30 26 26 18 15 13 10 7
1000 22
99 95 91 87 84 83 68 65 60 58 52 51 50 45 42 37 26 25 24 15 9 5
983 23
99 97 90 84 82 72 70 59 58 55 53 52 50 46 41 27 26 23 19 18 18 8 1
893 23
87 86 83 79 79 75 75 68 61 58 57 55 53 32 23 14 9 5 5 4 4 1 1
1000 23
97 94 86 81 76 73 73 73 63 54 51 47 47 37 37 37 36 30 27 21 11 2 2
866 24
99 96 93 87 86 80 71 70 64 64 61 60 41 39 37 37 37 36 32 27 17 9 5 3
981 24
98 93 85 81 78 68 60 59 58 50 50 49 42 33 31 29 29 23 22 22 18 18 16 1
937 24
98 80 79 79 74 71 71 62 59 57 55 54 50 49 48 43 38 31 30 20 15 10 8 7
1000 25
95 89 85 84 80 78 75 69 60 58 55 55 53 45 44 36 33 26 25 14 14 14 10 7 6
1000 25
100 98 96 96 88 78 77 76 74 72 62 62 61 56 48 41 40 39 35 28 21 20 17 8 5
722 25
99 95 89 88 83 76 75 73 55 52 51 34 31 29 29 28 26 23 21 19 16 15 14 12 8
895 26
98 86 80 73 71 59 49 44 43 43 39 29 29 28 26 23 22 18 15 14 8 6 5 2 1 1
892 26
100 99 98 90 79 76 65 52 52 51 51 45 42 40 36 34 30 26 17 10 8 8 8 8 3 3
1000 26
100 93 92 90 74 68 66 64 58 56 55 54 53 52 51 45 22 22 22 17 16 15 15 9 7 7
733 27
99 98 95 94 92 87 83 82 75 69 69 68 66 60 42 36 33 32 24 19 19 18 16 14 14 12 12
979 27
98 94 91 90 90 88 88 82 80 79 77 76 73 72 63 57 57 56 55 51 47 43 32 26 7 6 5
948 27
96 95 94 90 89 80 80 78 76 75 75 74 71 65 63 46 45 44 41 38 36 27 18 17 13 13 1
956 28
99 86 86 85 80 78 74 73 70 66 62 61 61 52 52 47 41 35 34 25 21 17 14 13 10 8 7 2
948 28
98 94 94 89 86 85 83 68 66 65 60 56 55 53 53 45 41 38 37 36 30 30 29 18 16 6 4 3
932 28
99 97 97 97 88 87 84 82 82 79 75 74 71 66 63 56 54 45 35 31 23 22 21 19 8 8 8 4
1000 29
98 95 90 87 86 85 84 72 70 67 64 63 61 59 58 58 56 54 53 52 47 41 31 17 15 11 10 8 7
1000 29
100 98 97 89 88 85 83 81 77 75 67 66 54 50 46 45 32 26 26 25 23 23 21 20 20 15 12 11 9
969 29
100 99 95 92 88 84 69 64 61 60 58 52 48 47 43 39 38 31 29 28 27 24 18 14 12 11 10 5 2
943 30
96 96 96 95 93 90 86 82 75 73 68 67 67 59 58 57 56 55 53 47 31 31 25 23 18 15 13 8 7 5
972 30
100 93 89 84 84 83 78 72 70 63 61 60 54 53 47 36 31 30 28 25 24 23 19 16 16 6 6 2 2 1
970 30
93 92 91 88 86 86 80 78 77 75 72 72 69 66 65 64 62 60 59 58 53 48 36 35 29 26 25 25 12 5
955 31
100 99 97 96 96 86 85 84 80 78 75 74 74 72 71 70 69 66 64 60 55 49 46 46 37 34 33 31 20 12 12
1000 31
98 92 90 87 86 86 84 81 80 74 73 71 69 67 67 65 64 60 55 49 49 40 40 37 32 19 14 11 11 4 3
773 31
99 90 88 79 78 73 69 60 59 57 53 53 52 51 48 44 42 40 39 39 27 26 25 25 22 22 18 18 8 4 2
830 32
99 95 86 84 83 81 76 74 72 63 61 61 61 57 54 51 51 50 42 42 39 39 33 31 30 29 28 24 16 8 8 2
971 32
98 97 94 92 90 89 85 84 75 75 73 73 67 64 61 59 56 33 32 30 28 24 23 18 17 16 15 15 11 8 2 1
833 32
94 90 85 82 75 73 68 67 66 60 59 58 57 57 49 49 47 44 42 41 34 33 33 30 26 20 19 10 9 9 6 2
998 33
98 98 96 89 84 83 80 70 69 69 64 64 59 59 53 52 50 48 43 29 27 25 24 24 21 17 16 14 13 10 9 5 4
968 33
100 99 91 89 89 87 79 78 77 71 68 64 56 56 49 43 42 40 36 34 32 31 29 24 21 17 14 13 13 12 8 5 2
