100
100 1
10
34 3
5 6 7
34 4
1 1 10 10
36 37
389 389 389 389 389 389 389 389 389 389 389 389 389 389 389 389 389 389 389 389 389 389 389 389 389 389 389 389 389 389 389 389 389 389 389 1000 999
1000 1
1000
1000 2
1000 999
1 1
1
35 4
1000 1000 1 1
27 35
100 100 100 100 100 100 100 100 100 100 100 100 100 100 100 100 100 100 100 100 100 100 100 100 100 100 100 100 100 100 100 100 100 8 9
713 3
84 84 46
681 3
87 69 19
659 4
93 51 44 37
1000 4
77 74 68 35
881 4
96 37 34 2
820 5
97 77 51 16 15
780 5
98 97 96 62 12
949 5
66 66 17 9 7
864 6
78 57 43 42 23 5
1000 6
95 43 29 8 7 3
878 6
71 69 57 44 40 18
879 7
93 84 81 79 49 45 20
509 7
59 51 39 14 13 10 1
900 7
98 81 52 27 20 7 1
748 8
91 73 61 56 41 37 21 7
741 8
80 71 67 49 47 23 3 3
885 8
93 84 79 64 58 33 8 7
573 9
97 91 86 79 56 49 44 36 6
956 9
93 86 31 23 22 21 13 11 8
999 9
90 77 70 58 55 36 31 16 10
717 10
99 91 85 71 64 57 48 22 12 1
1000 10
90 73 36 32 28 28 14 7 3 3
802 10
97 78 58 27 25 19 13 12 12 8
805 11
100 91 67 64 55 52 39 37 29 8 1
918 11
96 95 80 71 53 50 32 29 7 6 4
739 11
96 94 93 89 76 64 56 53 49 40 17
909 12
93 84 77 67 67 62 50 30 29 19 6 1
992 12
93 89 74 67 61 34 28 21 15 15 12 9
957 12
87 74 63 51 48 47 39 33 32 29 22 11
850 13
90 79 67 58 54 53 27 23 21 17 15 8 6
906 13
99 98 88 68 68 60 38 32 22 22 6 6 1
925 13
96 92 75 74 69 50 49 40 39 36 29 18 3
851 14
99 68 67 62 55 50 43 41 41 22 10 10 4 2
1000 14
96 96 64 60 51 47 47 40 39 37 35 34 20 17
928 14
100 96 92 91 86 81 80 41 40 37 34 20 18 3
937 15
93 91 89 84 82 77 72 65 55 52 50 36 32 10 2
903 15
99 99 83 80 76 65 65 50 49 45 32 22 11 7 1
965 15
100 97 91 85 83 82 66 63 44 37 27 21 9 8 2
952 16
100 96 87 83 83 78 73 66 62 58 57 56 46 37 13 8
932 16
98 90 86 83 78 61 54 50 30 17 15 8 7 6 5 2
982 16
90 87 81 67 66 58 55 43 41 40 32 32 31 21 13 4
977 17
95 90 82 81 57 56 55 55 54 53 48 47 41 40 26 23 22
940 17
91 89 88 81 79 78 72 70 50 49 39 28 21 12 11 5 3
990 17
99 93 74 65 58 57 56 54 51 42 42 40 31 16 10 9 3
976 18
95 85 83 82 80 78 73 67 59 58 52 49 38 36 35 29 11 5
833 18
96 89 86 81 78 63 57 49 45 45 35 30 29 19 17 12 2 1
961 18
95 93 91 86 83 79 77 60 59 48 47 43 37 31 30 24 12 12
815 19
99 96 95 94 88 86 83 78 77 57 46 35 30 30 19 16 12 7 5
1000 19
96 90 90 89 87 86 83 78 75 72 68 55 53 51 50 46 43 36 23
845 19
98 95 95 90 90 78 78 74 68 61 55 51 49 34 32 29 28 19 2
951 20
98 92 89 86 84 82 81 71 69 61 44 43 34 31 26 23 19 17 7 2
1000 20
95 83 78 77 69 67 62 62 61 46 45 42 35 32 30 24 20 13 9 1
701 20
96 94 94 89 88 84 84 66 60 57 54 52 47 28 22 16 16 7 5 2
955 21
97 93 89 86 83 73 73 69 68 63 56 54 54 47 44 29 26 21 17 14 6
871 21
97 96 92 86 76 75 74 72 66 55 50 39 38 33 26 26 22 20 10 9 7
1000 21
100 96 96 88 88 85 71 71 55 52 46 44 40 36 23 21 19 17 16 11 6
877 22
97 95 94 85 81 79 75 71 69 64 63 56 54 47 46 44 41 36 24 24 19 2
912 22
98 96 93 82 77 76 76 67 61 59 59 57 45 32 29 29 27 25 14 12 7 2
1000 22
96 81 78 77 76 66 55 54 49 48 45 44 41 38 37 34 31 22 21 20 10 4
1000 23
100 93 89 88 84 73 73 68 55 49 49 41 39 32 31 28 22 22 22 17 17 3 1
983 23
100 98 97 93 87 81 73 72 69 67 66 60 60 59 52 42 41 33 16 14 11 11 1
917 23
93 89 88 83 80 73 73 67 65 61 59 51 42 32 26 25 24 21 16 16 10 4 1
1000 24
100 98 95 92 87 83 83 77 73 73 71 63 56 55 51 43 41 34 32 32 16 13 4 1
865 24
98 94 87 80 79 75 72 72 69 69 65 62 58 55 48 46 30 27 26 24 18 15 10 4
1000 24
98 92 84 84 78 72 70 68 67 63 59 53 45 45 42 40 38 37 34 23 15 8 3 1
978 25
94 92 91 90 88 84 80 74 73 71 56 54 53 48 32 29 29 20 19 13 11 11 11 9 1
975 25
97 92 78 71 66 65 64 55 54 53 51 49 46 41 37 31 27 25 13 11 10 8 6 6 2
790 25
99 97 96 94 88 85 83 82 80 75 71 68 55 42 37 36 30 21 14 13 12 8 6 6 4
972 26
93 91 89 80 72 69 65 61 60 55 48 47 45 43 42 41 24 23 22 18 17 8 6 5 3 1
957 26
90 87 86 71 70 54 54 49 46 43 40 33 32 29 29 20 18 15 14 12 11 10 9 7 7 2
955 26
98 97 95 92 84 84 82 73 71 71 70 57 55 49 46 37 37 17 13 12 9 4 3 1 1 1
1000 27
100 98 95 93 90 87 84 78 76 75 68 67 65 65 58 48 45 32 32 26 26 26 22 20 18 16 11
978 27
100 94 91 88 79 78 78 77 75 61 61 59 56 38 37 36 33 30 27 27 25 16 13 10 10 4 1
964 27
100 81 75 72 71 69 68 62 59 58 57 56 49 47 43 37 29 29 26 25 22 21 17 17 7 3 3
969 28
97 96 94 91 89 87 85 83 81 69 69 65 61 56 53 48 45 43 41 41 38 36 32 25 20 16 13 3
1000 28
99 99 99 88 80 77 75 73 72 68 64 64 63 59 56 55 41 36 32 23 23 22 20 20 14 12 10 4
912 28
100 95 94 91 91 84 83 83 81 81 70 68 68 67 66 47 44 43 42 27 26 21 19 15 10 7 5 4
790 29
100 100 90 81 78 72 59 59 56 49 47 45 44 40 39 39 39 38 33 31 22 21 21 20 19 18 11 4 2
768 29
97 91 90 80 80 65 62 59 57 51 50 49 47 46 42 41 39 37 36 36 30 28 27 25 19 12 9 8 1
1000 29
100 97 93 92 91 90 89 77 75 72 69 65 61 59 58 57 52 45 41 41 41 41 37 30 30 30 13 9 5
986 30
90 90 88 81 81 80 77 75 75 74 68 64 59 59 50 48 45 39 39 31 30 24 20 19 17 15 13 11 7 5
806 30
97 94 89 87 80 78 78 77 68 67 59 59 58 57 55 54 51 49 46 45 41 36 35 32 30 25 21 13 12 9
956 30
96 95 93 92 87 86 76 62 60 56 52 51 44 43 41 34 33 32 22 20 17 16 15 9 8 4 2 2 2 1
953 31
100 99 96 96 92 89 88 87 85 84 82 82 79 77 73 72 68 63 57 55 48 42 34 29 29 26 26 15 9 6 3
1000 31
98 95 95 94 94 90 86 84 79 79 79 71 67 65 54 49 48 41 38 38 36 36 34 30 30 26 24 11 9 7 3
946 31
98 96 94 91 91 90 81 80 79 66 61 57 56 56 43 42 42 35 30 30 28 27 26 26 19 19 14 13 8 7 3
957 32
100 100 93 88 88 86 82 76 70 70 66 64 58 53 47 45 44 37 37 35 28 28 21 21 19 16 14 12 9 7 4 2
756 32
100 94 91 87 83 79 77 71 68 66 64 57 55 55 55 49 46 46 45 45 39 37 36 34 29 22 17 15 15 15 12 2
939 32
88 84 82 77 73 73 62 60 58 57 56 54 52 50 50 48 30 28 19 18 17 16 14 14 14 14 7 7 6 3 3 1
1000 33
99 98 96 92 91 90 85 81 79 78 78 74 72 68 67 61 59 52 48 44 37 34 31 31 31 28 25 16 13 10 9 3 3
1000 33
99 96 93 92 91 89 88 85 85 82 75 73 65 65 60 58 54 53 52 50 41 32 27 26 25 23 18 17 15 14 11 7 5
