100
4
1 2
2 0
0 0
1 1
5
0 0
1 1
2 2
0 2
2 0
3
0 0
1 0
0 1
5
-75 0
-75 99
-100 0
-75 100
100 0
10
5 66
0 15
8 84
6 34
9 89
2 88
7 84
3 45
4 43
1 43
9
2 1
2 3
3 2
1 1
2 2
1 3
1 2
3 3
3 1
9
3 2
1 1
1 2
3 1
3 3
2 3
2 1
2 2
1 3
5
75 100
100 0
-100 0
75 99
75 0
10
7 1
3 2
9 2
1 0
8 2
2 0
4 0
6 2
5 0
0 1
5
100 0
-100 0
-75 99
-75 100
-75 0
5
100 0
75 0
75 99
-100 0
75 100
4
100 100
-100 -100
-100 100
100 -100
9
1 -1
-3 -1
2 2
-2 -2
-3 0
-1 -3
0 2
1 -3
-3 2
10
-14 -88
-88 88
88 -88
-79 -88
88 88
-88 -30
-76 88
11 -88
-88 28
-88 -88
5
3 72
1 38
4 67
2 33
0 2
10
6 -8
2 0
1 0
7 0
3 0
5 0
8 5
4 0
6 0
0 0
5
100 -75
0 -75
0 100
99 -75
0 -100
7
55 -55
-55 -55
55 -15
55 55
-55 -44
-55 55
-55 18
10
0 0
0 4
0 1
6 4
0 6
-4 1
0 7
0 5
0 2
0 3
5
-2 2
1 0
0 0
-2 1
2 2
7
0 12
6 39
4 38
5 8
1 2
3 40
2 36
6
7 -5
19 -17
-5 -4
-31 -2
-15 -39
12 -15
5
0 27
1 35
2 43
3 49
4 20
9
-2 -2
2 1
0 2
-3 -2
-3 0
2 0
1 1
-2 1
-1 2
6
1 1
0 0
1 0
3 0
2 0
1 -4
8
5 0
1 0
0 0
2 -9
5 4
3 0
2 0
4 0
5
100 -75
0 -100
0 -75
0 100
99 -75
9
1 1
1 3
2 1
2 3
3 2
2 2
3 1
1 2
3 3
7
0 1
0 4
0 0
0 3
0 2
3 0
-5 2
7
4 2
2 0
1 0
0 0
3 0
0 -5
4 0
6
1 -3
2 0
0 0
3 0
1 0
1 4
4
1 2
2 1
1 1
2 2
6
0 3
-7 1
0 1
2 4
0 0
0 2
4
2 1
1 2
2 2
1 1
7
10 -19
42 -50
15 -24
1 42
-30 48
10 7
0 18
9
-41 -37
41 -28
29 -32
-43 -31
-24 14
-50 22
21 -39
50 7
-47 37
6
3 13
5 4
2 6
0 6
1 0
4 13
9
0 2
0 3
0 5
0 1
0 0
-6 1
0 4
0 6
4 0
10
0 3
0 6
6 7
0 2
0 7
0 1
-12 5
0 4
0 5
0 0
5
2 0
0 2
0 0
0 1
-2 0
5
-75 -99
-75 0
-75 -100
-100 0
100 0
4
1 1
1 2
2 2
2 1
9
48 -44
43 15
-45 -26
18 2
-40 -40
36 47
-23 1
-33 13
-40 1
3
31 25
-39 -22
21 -30
5
-100 0
-75 99
-75 100
-75 0
100 0
5
0 100
0 -100
100 75
0 75
99 75
10
3 5
0 0
5 -5
2 0
5 0
7 0
4 0
6 0
3 0
1 0
4
1 1
2 2
2 1
1 2
10
44 -18
42 -44
32 45
-45 -43
5 44
-30 28
11 -28
-28 -45
-1 4
-2 -14
8
0 1
0 4
0 5
0 3
0 2
0 0
3 6
-9 6
7
99 75
0 83
76 75
0 75
0 -100
100 75
0 100
8
0 -100
-89 75
0 75
0 100
-91 75
-96 75
-100 75
-99 75
8
-22 -6
-42 -22
15 14
-31 -43
-33 -35
-20 4
-15 11
-47 7
10
47 -48
-2 10
25 -39
-47 11
41 -18
48 -16
49 -26
-8 11
-20 16
1 39
4
1 2
1 1
2 2
2 1
5
18 -50
-33 4
43 24
-5 31
-1 30
8
0 -82
0 84
100 75
99 75
0 100
0 75
88 75
0 -100
8
75 100
-100 0
75 84
97 0
100 0
75 99
75 0
-98 0
9
-40 -44
-31 1
-39 -25
0 46
11 -1
-50 -23
-27 -8
-5 12
-48 -32
6
50 30
-5 7
48 44
-38 0
29 -19
33 35
5
-5 0
0 1
2 2
0 0
0 2
4
2 2
1 1
1 2
2 1
5
96 -96
-96 -96
9 -96
-96 96
96 96
4
2 1
1 2
1 1
2 2
9
2 0
-1 -3
0 0
2 -3
-3 1
0 -2
1 -2
1 0
-1 -1
9
3 1
3 3
2 1
2 2
1 3
2 3
1 1
1 2
3 2
10
-100 -100
-91 -100
100 46
-100 100
-100 9
-100 70
100 100
-100 -11
100 -100
-100 25
6
2 -1
-1 2
-2 2
-2 1
2 2
2 0
7
36 -22
31 50
-40 -15
-22 5
30 -17
39 9
45 -24
6
-1 1
2 -1
0 0
1 -1
-1 -2
1 0
5
-69 69
69 69
-69 -69
40 69
69 -69
7
0 100
80 75
0 -80
99 75
100 75
0 -100
0 75
5
-87 -87
87 -87
87 87
-87 87
-2 -87
8
0 2
0 4
0 5
3 3
0 3
0 0
-3 0
0 1
10
-30 13
23 19
17 -13
39 17
30 -26
-7 47
1 16
2 -9
-7 -35
-16 -36
10
1 -3
2 -1
0 -2
-2 1
-2 -1
-3 0
-1 -3
2 -3
1 0
-1 1
8
1 0
-1 2
-1 -2
-2 2
2 -1
-2 -3
-1 1
-3 1
8
-9 2
2 2
0 5
0 3
0 2
0 4
0 1
0 0
7
0 75
0 100
-91 75
0 -100
0 79
-99 75
-100 75
4
1 1
1 2
2 2
2 1
4
1 2
2 2
2 1
1 1
6
46 3
-14 -18
-16 -29
26 -4
48 -33
-17 26
4
2 1
1 2
1 1
2 2
6
3 52
0 68
5 36
4 5
1 18
2 53
7
6 28
5 11
3 17
1 26
4 34
2 29
0 30
7
0 100
0 -81
0 -100
99 -75
0 -75
0 -90
100 -75
10
28 31
-50 3
-42 -9
-27 -23
-17 -44
5 47
24 44
16 23
-9 15
-5 -45
10
100 -75
0 -89
0 -100
0 100
0 79
0 -75
99 -75
89 -75
0 -85
0 -95
5
-99 -75
0 -75
0 100
-100 -75
0 -100
6
2 2
2 -2
-1 2
2 1
0 0
-2 -2
5
0 -75
-100 -75
-99 -75
0 100
0 -100
10
91 -11
-59 -91
-10 -91
-7 91
-91 91
65 91
91 91
91 -91
-91 -91
91 28
8
7 20
-36 -6
-47 9
-4 34
50 9
-20 10
-18 0
32 26
5
75 -99
100 0
-100 0
75 0
75 -100
7
31 38
29 34
-44 -34
-33 -40
-43 -36
-31 -47
-7 43
5
-2 -1
2 -2
-1 -1
2 -1
-2 1
5
0 100
-99 75
0 75
-100 75
0 -100
5
75 0
-100 0
75 -100
100 0
75 -99
5
4 61
1 62
0 53
3 52
2 13
9
0 1
-1 -2
-2 0
0 -1
-2 -3
-2 -1
2 -2
-1 -1
-3 -3
