100
4
1 2
2 0
0 0
1 1
5
0 0
1 1
2 2
0 2
2 0
3
0 0
1 0
0 1
8
-3 -2
-1 -2
1 -2
-1 2
0 0
1 1
1 -1
-3 1
10
6 94
9 35
8 10
3 32
1 82
7 28
0 17
4 18
2 28
5 81
6
2 -1
0 2
-2 1
2 0
-1 -2
1 -2
7
1 -1
-2 -1
-1 2
1 -2
-1 -1
2 1
0 -2
9
0 -1
-1 0
0 1
2 -2
-1 -1
1 2
0 -2
-3 -3
0 0
5
-42 -9
28 46
-13 43
46 -32
37 46
5
-99 -75
0 -100
-100 -75
0 -75
0 100
10
1 0
5 0
3 0
6 -1
7 0
3 5
4 0
0 0
2 0
6 0
10
46 0
22 -46
-43 30
-30 30
-28 47
13 -8
38 -16
32 28
46 -12
-49 -47
6
-75 99
-100 0
-75 0
-79 0
-75 100
100 0
9
8 17
4 16
0 7
1 1
3 5
5 13
6 14
7 15
2 2
8
-86 87
-87 -87
-87 87
87 -87
80 -87
87 87
-72 -87
-87 -24
9
28 -28
5 6
50 6
-18 15
-26 33
28 -46
-35 13
-7 -18
48 34
4
2 2
2 1
1 2
1 1
7
4 54
54 54
-54 -54
15 54
-54 -34
54 -54
-54 54
6
29 21
40 -32
10 27
11 25
13 40
31 -1
5
2 0
3 3
1 -5
0 0
1 0
5
-11 3
-29 49
26 -13
34 -22
8 47
10
4 1
3 0
6 1
2 0
8 1
7 2
9 1
1 2
0 2
5 1
6
-1 -1
0 0
-1 1
1 2
2 -2
1 1
5
14 -11
16 -4
40 19
-14 -20
17 -11
9
0 18
-6 44
50 -36
43 -16
-32 50
17 -16
5 -38
-14 -10
49 39
7
6 -58
-58 48
58 58
-58 -58
-58 -42
58 -58
-58 58
4
1 1
2 2
2 1
1 2
8
1 6
0 4
0 2
0 0
0 5
-3 3
0 1
0 3
6
-6 48
1 46
14 35
-25 -28
11 -42
40 12
5
100 -75
99 -75
0 100
0 -100
0 -75
6
45 21
-45 4
46 23
-8 26
17 31
-45 -44
5
75 -99
75 0
-100 0
75 -100
100 0
10
4 49
2 21
1 19
9 44
3 53
5 34
6 48
8 19
0 1
7 10
6
100 75
0 100
99 75
0 76
0 -100
0 75
9
3 1
1 1
3 3
2 2
1 3
1 2
3 2
2 1
2 3
10
0 2
0 5
1 2
0 4
0 7
0 1
0 3
-7 4
0 6
0 0
7
-68 -68
68 -68
56 -68
-53 -68
68 68
-68 68
56 68
9
24 17
-28 39
17 23
-15 -12
-50 19
42 12
-8 4
20 21
-11 -36
8
2 2
-3 0
-3 2
-2 0
1 0
-2 2
2 0
0 1
5
-75 -99
-75 -100
-100 0
100 0
-75 0
10
-1 2
0 -2
0 1
0 2
-3 -1
1 2
1 0
-1 -1
0 0
-1 1
9
2 44
5 87
7 18
1 78
0 79
6 84
4 5
8 8
3 37
5
0 100
0 -75
0 -100
-99 -75
-100 -75
7
5 6
0 48
4 32
3 46
6 18
1 12
2 25
5
-13 41
26 -8
7 -3
-8 -45
14 39
7
-51 -51
51 -30
51 51
-51 51
51 12
51 -39
51 -51
8
-100 0
75 0
-75 -99
-90 0
94 0
100 0
-75 0
-75 -100
10
4 0
5 0
7 0
3 0
3 -1
2 0
1 0
6 0
0 0
0 8
8
3 0
0 0
0 3
4 -10
5 0
4 0
2 0
1 0
6
100 0
-97 0
-100 0
75 -99
75 -100
75 0
9
2 2
3 1
1 3
3 2
1 2
2 3
2 1
3 3
1 1
7
0 0
0 2
0 3
0 4
-1 3
3 1
0 1
5
0 75
0 -100
100 75
0 100
99 75
6
-91 91
91 91
-91 42
91 -91
-91 -91
-65 91
10
0 6
5 1
0 2
0 5
-12 0
0 1
0 4
0 7
0 3
0 0
10
39 -45
-7 -4
-36 -28
0 23
-8 -23
-17 4
-49 -41
-32 -29
42 33
-37 -3
5
2 -49
3 -9
29 -32
23 6
-9 -31
10
-75 0
100 0
-75 81
-100 0
-83 0
-75 100
-85 0
-75 91
-97 0
-75 99
5
0 -100
-100 75
0 75
-99 75
0 100
7
23 -34
15 45
38 25
10 -40
43 41
4 -36
-7 12
8
-1 -3
-1 0
1 0
-1 2
0 1
0 2
1 -2
1 -1
4
-100 100
-100 -100
100 100
100 -100
9
-17 -41
43 15
29 8
-48 12
-5 2
-43 23
-20 21
-50 23
-49 -37
5
-36 -4
-3 31
39 16
-29 -18
-23 -21
4
2 2
1 2
1 1
2 1
8
-42 -27
-28 29
33 -39
-36 13
28 38
30 -28
-19 2
27 -25
8
5 0
5 3
1 0
2 0
4 0
0 0
3 0
5 -9
10
-22 13
-41 -12
-12 17
-46 17
-44 39
29 -15
12 -21
-38 -37
-26 -32
-1 -29
6
6 27
-2 -31
21 15
44 0
-30 -46
3 -18
5
3 2
0 1
-4 0
0 2
0 0
8
38 96
96 96
-96 -96
-28 96
-79 96
-96 96
27 96
96 -96
7
-87 -75
0 100
-100 -75
0 -86
0 -100
-99 -75
0 -75
4
1 1
2 2
2 1
1 2
9
-100 0
-75 0
-75 91
-75 100
85 0
-95 0
-75 99
-97 0
100 0
4
2 1
1 2
2 2
1 1
6
41 37
-10 -50
-42 10
9 47
-14 -18
-37 -13
10
-55 37
-55 19
-55 -1
55 55
-55 -55
55 -55
55 15
-55 -7
-43 -55
-55 55
8
0 1
0 0
-6 0
0 5
0 4
0 2
0 3
5 5
6
24 -37
-22 19
4 -48
47 3
-32 14
-35 -45
10
-100 -54
-100 100
-100 44
16 -100
78 -100
100 100
-99 -100
100 29
-100 -100
100 -100
5
0 1
0 2
0 0
3 0
-4 0
8
-75 92
-94 0
-75 99
-75 0
87 0
100 0
-100 0
-75 100
6
34 25
-23 20
-24 7
-10 -30
-15 -49
-40 -15
10
0 4
0 3
6 4
0 2
0 6
0 7
0 5
-2 8
0 0
0 1
10
-75 0
-100 0
-75 87
100 0
-75 94
-75 86
-98 0
-75 100
-75 77
-75 99
5
-75 99
100 0
-75 0
-75 100
-100 0
5
0 36
2 61
4 19
3 55
1 15
3
32 27
19 -4
36 -6
5
-99 75
0 -100
0 100
0 75
-100 75
8
-1 -3
-2 1
1 -3
-1 0
2 -3
-1 1
2 -2
-3 -1
9
3 2
2 3
1 3
3 1
3 3
1 1
1 2
2 1
2 2
8
-3 -1
1 -3
-3 0
0 -3
-1 2
2 -1
-1 -1
-3 -2
7
100 100
-100 100
-13 -100
100 -100
-100 -100
77 -100
-3 100
5
-1 0
0 -2
1 1
-2 -2
2 1
6
0 3
-6 3
0 1
0 0
0 2
3 1
6
0 44
4 9
2 20
1 60
5 43
3 59
9
1 0
5 0
6 -1
0 0
5 6
3 0
6 0
4 0
2 0
4
1 2
2 1
1 1
2 2
9
80 -99
99 -99
-99 -58
86 99
-99 99
99 -16
99 99
-99 -99
-99 86
5
75 99
-100 0
100 0
75 0
75 100
