100
47 140737487519385
45 35184200802207
43 7018157880560
8 12
40 1099509530625
34 17179869183
17 2047
30 1071644673
28 128
42 2
13 8179
50 1125899906842623
28 134217727
7 65
19 262145
23 8388608
47 140107038167814
6 49
8 193
43 4398046511104
46 35184372088831
44 4417913
18 245760
31 2147450881
28 1
50 12087403
9 1
38 68719476736
36 34359738367
7 120
26 255
37 6559
15 6696
8 171
6 45
18 5084
33 8053063680
16 64247
8 9
29 476287544
47 28
14 67
9 384
16 32768
35 268560
16 65535
27 38310028
48 140737488355329
50 1125897759358977
50 562949953421312
44 140
26 67092065
38 1048575
50 562949953421311
50 536870911
50 598494958083113
50 562949953421313
5 8
24 16815
1 1
7 64
32 1
46 5165
30 536870912
50 1125899906842624
35 11256
27 134217727
1 2
50 1124800395214848
38 274876858368
50 14
26 8680
18 1
22 4194304
50 1
8 256
50 17592186044416
50 1114187566453028
41 2199023250713
44 17592186044416
42 4398046511103
35 536870911
43 4398046511105
33 4294967297
47 140737488097631
26 277
11 630
39 540222951120
35 256
30 536870912
9 487
5 12
48 281474976709673
50 1125899906842438
40 549755813887
10 99
31 65535
36 68719476735
25 33550279
43 4398046511103
