100
9 439
4 7
3 3
9 511
7 10
10 906
8 1
5 11
5 1
10 511
1 1
10 1023
3 6
8 247
4 12
10 783
8 256
6 33
7 102
10 992
8 133
3 7
5 18
10 512
9 33
6 51
10 8
8 14
4 9
8 153
5 13
7 39
8 249
8 192
10 513
6 33
9 385
2 1
5 19
3 7
8 2
10 1
5 17
5 11
9 511
5 2
7 63
6 31
10 63
7 128
9 1
8 2
5 16
9 256
5 20
5 25
9 257
5 20
10 769
5 25
7 48
6 57
7 85
3 4
7 103
9 255
5 32
8 100
4 14
3 4
10 50
9 26
10 1002
6 31
7 31
10 502
3 5
4 8
10 1024
5 23
6 28
7 2
5 7
6 54
7 64
4 12
10 1009
10 947
8 62
1 2
5 3
4 2
6 9
6 7
4 15
9 14
4 3
7 90
8 129
3 8
