100
8 128
5 16
5 16
5 17
6 2
1 1
8 234
9 384
10 512
7 64
3 2
6 55
6 13
7 65
5 19
8 108
9 15
8 26
10 718
5 23
10 862
10 1
2 3
7 58
10 169
9 508
6 3
8 193
10 511
6 4
2 4
7 10
7 55
6 1
4 2
6 62
1 2
7 25
5 7
4 1
10 619
3 7
5 31
6 35
4 3
10 513
4 7
6 14
8 4
8 33
10 1020
6 33
8 22
9 40
4 9
7 125
10 1023
4 9
5 15
5 13
6 63
7 119
8 1
3 3
8 254
7 115
10 13
8 59
4 13
10 1024
9 512
6 31
7 15
5 16
7 42
6 52
9 17
6 52
6 27
10 64
7 11
5 32
7 63
3 5
10 11
8 256
9 20
7 113
4 3
3 7
9 257
10 769
8 28
6 44
3 1
10 7
4 13
6 31
4 12
3 4
