100
20 -1 1
1325 0 52
75091 -388 0
430129 928 0
5 2 0
137920 524 0
994882 348 0
481216 0 764
911045 8571 1341
381394 301 6789
471073 -876 94
907031 -1346 0
874016 -788 0
1000000 9140 0
42165 8648 10000
987483 208 0
214801 646 0
158803 446 118
618354 7598 0
13204 470 0
65791 -4980 0
1000000 -1414 0
125750 0 502
975214 345 181
265981 -536 192
990479 1406 0
71517 36 50
172698 -388 200
441205 -155 783
335054 779 39
399170 0 894
7621 20 102
435120 93 693
995860 9376 0
916092 10 1120
5 -4 0
50402 0 318
352235 198 640
950436 -842 0
322206 -6310 0
998554 4785 3327
862780 -348 0
486886 986 0
1 3 5
330779 -812 0
1 0 0
91377 0 428
849794 -4070 0
5804 5 103
11174 0 150
9 0 0
987714 0 1406
5 -1 1
452677 -952 0
166752 0 578
23681 2581 2151
394323 257 631
88830 0 422
674219 -127 847
728699 0 3794
235918 -686 0
10 4 0
306518 459 323
816721 -31 975
1000000 1414 0
491537 992 0
409966 906 0
773208 -264 980
385002 0 878
1 0 2
999874 -1414 0
164474 452 122
905171 -131 1213
422543 -10000 10000
6 3 1
598812 0 630
217491 7273 8385
553049 707 345
529943 947 83
352621 255 585
730936 -10000 8386
569240 0 8686
652185 12 0
1000000 -340 0
993642 0 2750
888903 -86 896
460912 -6656 0
95653 -355 81
455275 4142 0
14 0 4
6 0 2
74347 332 54
299878 6791 9271
451123 -138 0
315587 10000 10000
3 1 1
428148 270 144
450776 950 0
991966 5318 2198
971812 10000 9158
