100
17 8005 9391
5 -1 1
13 3 1
12 -4 0
14 4 0
8 -3 1
18 -2 0
12 0 4
2 0 2
13 0 4
6 -3 1
4 2434 0
20 3 3
3 2 0
1 0 2
8 0 0
12 -4 0
18 2 2
19 0 7394
2 0 2
19 -6 0
20 9890 0
12 8617 7929
3 0 8422
10 4 0
16 6 0
11 0 4
4 0 2
9 -3 1
12 0 0
13 0 0
1 5 5
4 0 2
16 8177 4617
6 -2 2
15 0 2
14 0 2
10 0 2
16 -2 0
20 -6 0
6 0 2
20 -1 1
19 2 2
20 -1 1
10 3 1
1 0 2
10 -1 3
1 0 0
5 4 0
6 -4 0
17 0 0
4 0 0
11 4 0
4 4530 902
3 -1 1
13 2 2
20 0 3346
7 2973 6405
4 -1 1
4 0 0
13 -1 3
6 0 3920
2 7308 0
11 0 5792
5 0 4
4 1 1
16 -5 1
6 0 2
17 0 0
9 -4 0
8 3220 8314
3 1 1
19 -6 0
7 2 0
12 -4 0
16 -2 2
18 -2 2
11 0 2
5 0 4
16 6 0
2 0 0
9 -1 1
13 -4 0
1 0 0
13 2 2
19 5 1
12 -2 2
11 -2 0
11 2 2
12 3 1
19 -4 0
3 -2 0
6 4 0
20 4 2
5 -4 0
19 -2 0
8 -3 1
17 1 1
7 3706 0
5 9718 8654
