255 200
151
101
51
52
93
88
9
52
160
101
94
17
155
121
66
31
132
188
123
2
138
89
96
227
225
19
144
15
237
43
222
178
104
66
36
222
76
255
150
214
5
233
133
252
56
120
159
43
239
131
200
244
67
55
113
182
180
225
61
190
103
84
12
16
171
206
35
56
71
134
171
195
39
254
177
24
89
106
120
158
153
17
179
209
65
1
71
223
157
178
251
158
9
190
104
182
237
64
159
65
93
169
198
76
211
139
11
131
163
51
157
113
57
10
36
161
161
42
112
42
140
201
180
12
82
254
37
227
39
26
223
73
156
200
41
96
240
35
62
7
138
2
13
191
230
196
1
128
84
209
106
177
155
34
31
73
198
60
19
150
103
82
242
195
64
229
169
78
5
153
7
55
168
252
247
88
115
242
16
160
79
206
94
41
231
38
134
118
26
233
128
214
37
183
40
140
251
139
38
156
118
230
168
249
67
129
231
249
0
13
244
163
239
129
46
111
15
111
211
46
121
149
57
240
133
188
62
201
255
60
40
179
149
11
112
61
151
79
115
148
144
123
247
24
10
196
192
34
78
229
148
192
183
191
132
1 185
2 59
2 228
2 179
2 204
2 24
2 75
2 183
2 236
2 189
2 11
2 88
2 8
2 33
2 79
2 67
2 135
2 16
2 179
2 145
2 4
2 90
2 215
2 151
2 213
2 198
2 21
2 86
2 126
2 102
2 32
2 61
2 191
2 104
2 143
2 4
2 59
2 236
2 169
2 69
2 8
2 80
2 235
2 22
2 254
2 226
2 193
2 79
2 184
2 215
2 126
2 88
2 78
2 204
2 142
2 97
2 213
2 80
2 141
2 91
2 213
2 210
2 177
2 69
2 4
2 29
2 54
2 230
2 20
2 131
2 107
2 245
2 54
2 173
2 122
2 75
2 116
2 189
2 212
2 204
2 112
2 127
2 197
2 121
2 193
2 85
2 203
2 205
2 49
2 69
2 14
2 74
2 167
2 91
2 14
2 211
2 220
2 77
2 111
2 107
2 21
2 183
2 119
2 6
2 22
2 210
2 246
2 87
2 6
2 179
2 27
2 218
2 85
2 59
2 64
2 234
2 130
2 117
2 86
2 152
2 135
2 90
2 189
2 18
2 172
2 27
2 116
2 167
2 142
2 202
2 86
2 100
2 122
2 173
2 235
2 232
2 145
2 253
2 240
2 97
2 153
2 228
2 176
2 105
2 208
2 99
2 102
2 219
2 146
2 18
2 77
2 69
2 108
2 107
2 114
2 92
2 184
2 181
2 194
2 33
2 47
2 137
2 98
2 165
2 147
2 83
2 246
2 95
2 224
2 109
2 99
2 226
2 215
2 221
2 216
2 143
1 185
2 90
2 69
2 95
2 7
2 194
2 245
2 216
2 233
2 218
2 239
2 190
2 86
2 54
2 2
2 37
2 85
2 8
2 89
2 230
2 189
2 236
2 145
2 92
