98
1 1 1 1 1
10 17 1 7 1
2 100 100 200 1
20 17 3 23 100
10 999999 999999 1000000 1000000
2 1 1 1 1
3 1 99 100 1
4 8 3 5 30
6 931975 317671 814003 253086
6 16 10 23 16
10 10 12 19 18
1000 953192 369912 999983 2047
7 8 18 28 29
5 889795 524709 302973 32646
6 416078 755914 654723 495331
57 439305 907479 1000000 645682
12 241287 806371 999983 975684
7 8 18 15 18
6 9 9 7 8
6 13 9 16 23
4 991227 789130 85478 579832
2 388073 720183 773915 805976
4 181000 133324 695721 383411
5 18 1 26 20
1000 171377 83441 999983 406574
10 11 18 18 28
10 15 27 23 12
1000 9999 500 10000 1
5 14 30 13 16
9 7 26 12 26
7 19 25 16 23
4 12 17 29 29
7 7 29 20 8
4 18 9 19 10
5 7 11 17 26
5 837780 252281 365990 642988
8 52139 628634 1000000 709514
4 10 2 21 1
9 812505 632107 413286 771445
6 947555 191892 244313 629885
195 244919 592955 983364 703546
4 6 25 6 27
389 635490 908146 1000000 204558
9 13 28 21 26
8 7 8 12 10
5 842133 59513 113486 290812
10 30 27 24 2
4 11 11 21 1
3 500000 500000 1000000 1
360 987827 429379 1000000 864999
7 3 27 25 9
2 801369 809119 592777 405281
7 16 21 30 14
5 586443 447963 175581 590113
6 18 19 26 18
1000 946172 852500 16809 491989
999 3 5 3 6
10 235344 294509 843268 446215
2 805236 769543 999983 15706
6 1 27 20 11
8 11 15 11 2
6 7 16 5 7
1000 350068 321536 1000000 555978
6 881783 479978 579880 817097
7 21 29 19 14
9 968322 576401 999983 304981
33 720013 171339 521744 847214
8 7 12 21 16
13 276544 835389 999983 821305
1000 884253 649118 624914 535956
16 556209 902747 1000000 152397
4 28 10 13 9
9 3 28 11 16
4 14 29 24 25
5 531274 223558 385126 775361
8 776060 895044 699064 499036
1000 520471 494474 1000000 145909
681 709823 257609 1000000 7011
1000 426481 446045 999983 164208
2 956547 686444 999983 325751
6 380641 78807 865228 672398
1 306110 987858 999983 5290
4 22 25 12 26
1000 472211 575809 208461 132259
9 27 5 29 20
1 1 1 1 1
5 7 8 19 28
371 14935 801145 1000000 126731
10 21 22 17 27
8 21 16 28 21
2 712503 515710 670847 59699
26 880883 953152 999983 973926
10 516125 431040 338437 940261
10 747085 872501 106238 299123
1000 524014 437971 1000000 615021
5 12 20 11 16
9 749511 857150 832071 839067
8 21 21 21 4
