98
1 1 1 1 1
10 17 1 7 1
2 100 100 200 1
20 17 3 23 100
10 999999 999999 1000000 1000000
2 1 1 1 1
3 1 99 100 1
4 11 11 21 1
1000 9999 500 10000 1
7 11030 820646 437390 279340
10 368675 906220 1000000 483362
4 27 18 10 25
4 18 29 26 1
4 10 2 21 1
5 362485 833002 438294 335941
7 9 11 18 12
5 19 21 17 27
1000 875268 173053 1000000 416288
9 19 3 7 24
1 524716 925011 999983 769310
49 546617 564818 999983 109595
5 9 16 29 24
4 29 9 21 9
999 3 5 3 6
1 1 1 1 1
9 319511 980819 165032 581285
3 500000 500000 1000000 1
1000 691484 975290 1000000 996950
10 574838 727464 266248 369679
1000 794606 36901 1000000 241517
1000 550905 480346 999983 740400
9 797861 146213 605623 742905
5 515929 41684 834345 697182
6 25 25 21 21
10 26 16 23 11
7 24 6 24 7
9 25 1 17 19
9 16 17 7 7
2 963563 713925 148989 480261
9 235450 476320 521375 376913
5 1 23 24 24
1 265360 884284 999983 815799
8 21 21 19 29
9 7 4 12 3
5 342354 91977 1000000 317908
38 546416 276499 1000000 687799
10 733009 115859 892841 256690
9 15390 538605 631240 726787
5 87728 559818 348327 941516
10 727436 302396 895497 746618
9 27 11 28 21
4 17 26 4 12
4 29 14 24 17
1000 672574 260817 266818 385641
9 13 1 23 7
30 563140 441442 659339 164758
7 14838 342185 744961 793940
4 20 28 12 13
353 145055 25918 14854 456295
8 26 14 4 23
4 7 22 26 23
6 7 11 28 24
10 14 18 15 24
1000 277549 367571 244886 834890
8 1 8 22 21
4 6 15 9 6
7 89070 426543 75359 256069
47 224089 403870 1000000 953141
1000 139647 481414 435453 662187
11 919194 689147 56021 81939
1000 624284 694511 999983 768983
3 276225 913526 286346 362516
1 463279 331273 595108 24985
8 17 1 11 19
4 5 14 16 22
5 223067 552220 897060 979251
7 17 14 25 8
7 649374 330712 999983 93941
6 505420 565680 528700 168423
9 29 3 21 12
45 519427 391438 999983 393479
4 298166 718586 999983 113141
1000 741556 16194 999983 681021
10 2 5 18 19
63 874658 902271 1000000 627826
8 21 23 30 11
10 16 18 23 14
9 17 7 16 30
6 332231 215339 251731 201941
5 21 29 13 14
50 256480 147912 1000000 71607
95 168930 768606 1000000 51274
5 837780 252281 365990 642988
9 17 12 13 17
7 11 28 26 8
7 4 28 13 17
8 6 26 13 26
619 629459 340310 999983 974565
