98
1 1 1 1 1
10 17 1 7 1
2 100 100 200 1
20 17 3 23 100
10 999999 999999 1000000 1000000
2 1 1 1 1
3 1 99 100 1
6 23 1 24 20
5 854404 323932 31163 838874
2 691889 549575 1000000 819654
35 784274 824469 746832 267686
9 6 4 9 12
3 491626 128090 435383 516297
6 5 1 20 1
5 837780 252281 365990 642988
4 18 23 4 19
8 23 6 19 25
7 538663 9929 1000000 888054
7 28 20 15 22
7 15 15 7 24
6 747994 593393 999983 399274
6 394093 430969 851481 672031
6 5 11 23 30
1000 992645 772750 1000000 258323
1 775296 682806 999983 834020
7 244282 304946 650139 920350
1000 866925 40568 931651 258515
9 30 7 18 21
10 12 8 23 12
5 27 10 16 22
5 80914 690339 134545 621751
1000 986865 444567 1000000 949529
4 2 11 18 12
9 19 13 24 5
4 26 28 11 20
4 11 11 21 1
7 5 7 4 13
5 14 22 16 12
1000 9999 500 10000 1
6 10 2 7 11
7 12 18 22 13
563 763998 909411 999983 869316
9 47292 942812 518402 550844
6 12 25 6 12
4 6 18 6 16
8 442107 981609 343078 616862
4 78816 914712 18634 580855
4 22 5 28 13
1000 880546 778699 1000000 980268
4 9 10 23 25
8 834675 980097 946854 528585
8 29 29 18 10
3 500000 500000 1000000 1
1000 520206 815796 46813 508458
6 20 27 24 26
9 27 28 15 21
1 1 1 1 1
1000 168167 4163 999983 537665
5 11 23 28 1
999 3 5 3 6
5 9 11 6 3
64 725170 779006 999983 813633
7 26 29 17 15
7 255626 154398 83247 428903
10 771660 114592 717460 629133
8 27 22 18 24
9 24 5 28 13
6 26 2 4 26
1000 257043 680251 842827 240971
318 893744 887503 999983 620070
77 177071 106291 263921 392011
1 664097 328028 1000000 645009
6 885420 760062 799658 731023
10 741823 820551 491656 465410
5 306896 395709 322678 875833
9 17 20 16 29
1000 766959 515130 999983 71157
3 9011 707385 999983 830587
10 4 27 7 16
1 309635 59245 1000000 210815
2 671490 371111 1000000 306153
10 3 11 18 7
67 510326 856997 1000000 242997
9 10 12 16 28
10 7 30 23 27
8 19 9 17 5
5 4 14 18 17
7 14 30 13 16
1000 81334 286886 999983 451892
6 989817 694551 707948 358874
8 811266 768262 946821 771918
54 670159 149706 1000000 310555
5 583702 625792 665770 372800
2 591 520855 604771 552091
1 942497 393532 999983 713489
6 837467 410777 483981 590272
6 810612 522997 898835 899529
4 10 2 21 1
