99
1 1 1 1 1
10 17 1 7 1
2 100 100 200 1
20 17 3 23 100
10 999999 999999 1000000 1000000
2 1 1 1 1
3 1 99 100 1
8 3 20 19 5
9 28 15 11 24
8 10 24 25 13
8 6 11 25 30
1000 738993 13564 1000000 847578
9 308352 279292 999983 241530
8 25 5 26 1
8 39283 625162 29553 546868
4 5 3 5 1
1000 199500 730342 1000000 50796
4 581661 670754 66846 37794
4 390887 315779 180312 177546
142 817766 911003 999983 564911
4 11 11 21 1
8 3 29 17 23
7 23 15 14 27
1000 276527 459870 633272 846381
4 12 7 5 23
5 27 3 9 30
9 25 10 14 10
2 734131 29516 143618 739855
4 549282 698362 578112 53968
12 397701 70632 1000000 27445
6 14 27 22 13
7 26 3 17 19
9 29 10 10 12
10 27 9 22 1
9 24 13 17 14
6 18 20 7 16
1000 843204 130025 999983 316148
5 598638 807989 304749 344031
10 23 6 19 21
8 7 18 23 7
8 959869 213342 437220 82300
1 351359 475857 390107 714447
7 785649 843830 546364 949847
1 289682 936078 1000000 488629
5 134880 812332 901216 257195
37 947708 477456 1000000 884008
9 920537 492416 933806 243905
9 8 6 4 3
3 895114 343869 999983 574992
4 823278 293315 472298 991148
190 769268 755136 1000000 469306
7 14 13 10 18
1 606136 78060 999983 614227
5 13 30 19 3
6 722393 872853 662920 73408
78 33881 201582 147601 879429
5 19 8 21 3
1000 9999 500 10000 1
1 1 1 1 1
4 10 2 21 1
1000 752171 447917 501217 907976
7 6 8 16 4
6 9 25 28 1
8 15 11 17 21
9 17 17 26 17
999 3 5 3 6
7 16 21 12 8
9 13 27 26 4
4 28 27 4 3
25 398674 731829 309755 339271
38 943465 928302 1000000 485359
7 13 30 13 14
8 460847 789476 666520 667834
5 294753 596238 14992 624000
5 837780 252281 365990 642988
4 112290 319451 464294 723086
4 5 6 26 15
2 742156 849956 999983 111406
1000 417870 63035 876916 634309
8 6 27 21 23
10 346521 793014 901251 531641
23 337176 651589 999983 149902
1000 164889 570978 999983 39857
9 11 10 12 12
10 295362 543868 319877 720326
1000 93603 504744 999983 608882
6 395690 152503 999983 700893
4 73455 676633 789378 821516
10 15 4 19 21
3 500000 500000 1000000 1
502 273539 924322 1000000 305369
5 10 2 30 13
5 29 22 13 5
32 776638 76634 914314 115895
4 496933 620918 1000000 76093
8 8 25 14 13
7 7 8 10 7
1000 472495 13135 1000000 92572
6 470659 361334 772369 464328
