99
1 1 1 1 1
10 17 1 7 1
2 100 100 200 1
20 17 3 23 100
10 999999 999999 1000000 1000000
2 1 1 1 1
3 1 99 100 1
9 9 15 5 29
1 1 1 1 1
9 24 9 29 6
1000 320641 201191 681644 416287
5 19 14 8 6
8 39195 889823 370091 570785
10 841142 158898 662988 824716
4 22 2 22 12
10 25 12 14 11
5 837780 252281 365990 642988
8 982144 481473 1000000 847529
999 3 5 3 6
51 216230 845071 999983 215883
4 28 21 4 3
4 21 21 11 21
7 351685 891687 160464 506553
1000 655457 840900 1000000 238381
4 876675 536121 87897 646901
4 14 2 26 22
6 21 4 28 15
9 21 19 28 5
5 3 21 25 5
7 6 1 19 12
5 9 9 19 21
8 821875 571489 609554 530709
1000 331580 979823 1000000 86062
221 473877 406803 480097 856586
6 6 2 14 2
5 10 11 8 28
8 635068 14737 683179 673716
7 635607 529435 1000000 914923
7 7 24 6 21
8 6 12 17 23
4 21 30 19 26
10 23 7 24 20
136 58030 829040 999983 626449
9 16 19 20 11
4 324373 233740 999983 527577
9 21 1 6 20
43 42903 342478 999983 361009
10 25 20 26 17
9 238985 585720 646591 80088
9 23 1 26 21
7 24 6 11 8
7 6 26 9 8
5 21 27 30 15
1000 501636 396000 999983 986709
2 286422 433882 99276 669942
7 2 3 8 19
2 274969 570667 537518 507660
7 2 9 25 27
8 912387 445001 642682 973326
9 18 26 28 18
5 999587 773152 1000000 600849
48 913033 112150 1000000 28166
4 20 17 11 28
46 986433 373653 1000000 591976
7 193502 952059 369388 131107
1000 704884 303310 999983 597198
6 2 23 28 24
5 832400 453790 690829 567503
9 376290 236846 1000000 859443
3 723823 164981 24681 139689
1000 700713 531010 1000000 891021
4 486317 62396 966994 11894
10 23 16 9 19
1000 9999 500 10000 1
6 22 6 18 11
256 862468 250160 999983 392199
1 745609 27044 1000000 741708
4 10 2 21 1
4 796828 291167 168407 48945
1000 806546 797798 999983 991218
3 500000 500000 1000000 1
5 766726 24793 783167 358688
5 18 17 13 1
10 945294 845133 296122 525396
1000 613514 516883 357029 881793
7 735046 231591 999983 258425
9 3 14 11 28
8 13 5 24 20
8 14 21 6 11
38 828854 376490 912635 318809
7 8 14 18 26
1000 377415 278219 737243 27184
7 276615 763123 229262 261878
10 22 6 17 16
1 656936 421270 999983 383549
4 11 11 21 1
8 1814 723087 91314 16882
11 603024 115009 352726 275880
5 44258 713422 884918 804820
