99
1 1 1 1 1
10 17 1 7 1
2 100 100 200 1
20 17 3 23 100
10 999999 999999 1000000 1000000
2 1 1 1 1
3 1 99 100 1
1 261311 194186 440625 767651
10 13 7 19 6
10 30 19 8 19
43 787138 313428 402997 829853
7 13 5 10 14
6 3 18 22 8
6 655111 504971 784669 166570
10 30 28 18 23
5 837780 252281 365990 642988
5 646940 426856 167600 934355
8 9 7 26 21
5 14 10 21 16
1000 779915 8918 999983 891743
7 721981 926771 660854 448255
9 9 8 11 30
5 1 30 8 21
8 10 8 19 23
252 131257 971793 277054 471240
1000 926143 884849 999983 460352
1000 9999 500 10000 1
9 495047 653157 1000000 191401
7 26 21 30 12
5 11 12 16 5
8 231015 41686 131721 796667
9 20 4 13 18
37 416478 718841 1000000 300096
1000 966426 593054 220510 40589
10 16 15 12 4
8 162271 388614 233983 714825
5 667453 780158 358688 400373
9 8 14 20 9
5 16 24 30 28
8 245023 511668 380449 856410
5 6 19 4 20
4 868688 431242 950036 678137
406 268102 338982 999983 872115
1000 504016 10075 999983 142366
8 797437 696249 562248 190654
7 280782 404050 452729 602007
9 27 25 23 10
7 11 22 15 9
90 978807 360391 1000000 47837
19 328041 595386 982293 470438
7 248161 917997 471435 551913
3 500000 500000 1000000 1
5 171112 477772 985068 830
9 579808 957270 773118 659407
4 10 2 21 1
207 123148 236125 999983 788437
8 7 16 8 2
5 29 4 10 16
9 3 14 30 7
4 7 6 9 13
297 741596 295380 999983 999830
9 562168 338882 874520 826909
7 636647 789449 1000000 522686
25 772917 203444 1000000 242081
1000 284998 450883 1000000 91244
24 498967 367582 1000000 774314
8 20 11 13 13
1 1 1 1 1
8 149272 488542 39353 222502
7 27 29 19 30
5 19 30 8 29
184 247354 594473 1000000 628893
5 4 9 21 30
5 22 11 6 16
6 25 15 8 11
1000 958891 406105 218596 861616
4 8 30 9 5
8 10 15 12 30
1000 812944 738307 1000000 401819
4 540761 377069 999983 657970
8 3122 170282 418702 223694
43 268598 882936 999983 584649
999 3 5 3 6
5 29 20 15 22
1000 627215 49982 1000000 94058
10 25 16 28 10
4 810675 314389 27872 782656
9 4 19 19 12
1000 73553 280938 481959 179268
8 9 5 11 3
6 2 20 5 12
15 628990 36059 999983 861742
4 11 11 21 1
5 74747 735259 442649 643506
4 885601 250404 548973 845482
3 384360 395674 999983 271811
7 6 25 28 24
7 16 10 19 20
8 17 5 21 18
