100
23 22 4
197 140153
191 57476
194 192391
192 567771
47 56 4
139 1
35 1
53 1
101 1
97 97 4
13 1
168 1
84 1
125 1
25 90 3
24 118191
169 117864
16 672345
24 22 4
190 381749
192 95589
190 501375
193 648293
24 20 4
190 286563
193 46517
196 109883
192 659075
32 33 4
64 1
1 1
7 1
179 1
144 20 1
61 0
47 53 4
8 1
71 1
123 1
23 1
58 70 4
4 392378
170 174222
26 75672
64 116392
20 50 2
100 1
50 1
22 22 4
191 110618
192 343699
191 20132
190 446577
31 99 3
86 591033
63 460357
94 284596
25 22 4
190 567320
193 93612
190 121363
191 246914
38 35 4
15 1
84 1
50 1
109 1
20 20 4
194 625233
190 27099
192 129930
190 78748
32 39 4
98 1
22 1
10 1
23 1
57 58 3
60 1
60 1
58 1
20 21 4
193 46525
190 6651
195 813240
194 284507
36 59 4
132 185515
98 1661
116 612301
6 75105
22 20 4
7 1
27 1
36 1
112 1
127 38 3
9 1
13 1
89 1
56 151 2
91 115065
121 37121
40 125 3
50 465375
86 312250
121 303819
61 55 3
32 454502
4 48755
91 408028
65 31 4
21 2
158 2
118 1
136 0
26 179 1
43 551862
61 79 1
1 3081
111 25 3
28 1
20 2
41 0
21 22 4
190 394042
194 13548
190 148574
195 42883
62 193 3
67 1
168 0
192 0
21 21 4
194 553325
191 339151
190 543435
190 64387
41 21 4
55 0
60 0
31 0
22 0
33 21 4
141 1
55 1
23 1
65 0
40 157 2
51 357619
85 17762
63 42 4
51 1
46 1
45 0
119 1
31 38 4
101 1
47 1
15 1
25 1
20 50 2
10 1
80 2
30 20 4
98 525027
7 44429
5 324692
32 669004
25 21 4
191 115113
198 219256
196 14948
191 275172
20 134 2
31 12466
98 694083
30 25 3
21 0
32 1
73 0
20 20 4
200 1000000
200 1000000
200 1000000
200 1000000
61 194 2
63 184521
177 688803
29 55 4
8 1
67 1
125 1
70 1
77 113 4
44 1
90 0
23 0
3 1
26 102 4
110 61738
40 63838
78 301370
95 64620
69 36 4
87 1
6 1
29 1
74 1
24 162 2
92 243322
95 190467
27 41 3
67 0
25 1
92 2
24 36 3
75 0
6 1
10 1
20 22 4
193 452627
192 125943
191 11677
195 581115
28 59 2
41 0
58 0
61 111 1
14 0
28 57 4
70 1
3 1
61 1
60 1
33 25 4
36 1
45 1
5 1
45 1
22 21 4
190 584965
194 108105
193 27147
193 635330
40 33 4
36 47537
36 207280
34 147099
34 53185
24 138 3
10 1
36 1
162 1
114 64 4
36 1
68 1
37 1
83 1
27 39 1
31 0
22 113 3
33 1
47 0
78 0
41 127 3
42 1
86 0
125 1
76 53 4
6 365080
104 194024
183 8348
84 534205
22 168 2
36 86413
57 115534
27 92 2
39 1
58 0
23 145 4
39 2
26 1
29 1
24 1
106 161 1
134 0
24 21 4
190 291536
195 449602
194 364425
193 185375
82 83 1
83 0
54 117 1
97 83120
28 188 4
109 0
155 0
97 0
183 0
108 143 1
111 1
23 33 4
81 32453
26 7446
3 203128
142 97675
73 29 4
18 0
54 0
67 0
2 1
20 50 2
10 2
80 1
155 40 4
5 510052
2 582727
14 138654
11 16763
52 110 2
82 165351
106 199627
32 62 3
15 1
2 1
81 1
22 20 4
191 365552
191 25062
195 72523
192 354984
54 55 4
5 1
58 1
47 1
63 1
26 31 4
56 352523
7 159381
39 115050
10 150388
21 20 4
193 5884
196 319948
194 132008
194 21048
50 103 1
12 0
26 21 4
195 11149
190 220976
194 272132
198 301063
69 101 4
70 2
71 1
74 1
88 1
23 21 4
196 72498
196 282347
190 632756
193 237903
26 20 4
191 144708
190 215904
190 834436
190 830520
45 54 4
78 1
70 1
53 1
154 1
25 22 4
19 0
46 1
45 1
93 0
20 82 4
89 651852
3 473436
48 697575
91 275422
82 99 3
7 17468
21 414898
110 203810
25 20 4
191 95577
194 84408
191 28011
196 688847
21 49 4
3 0
103 0
61 0
2 1
33 48 4
34 1
37 1
39 1
43 1
23 20 4
190 501029
192 52763
197 254771
190 150291
41 32 3
35 1
17 1
65 1
23 128 4
2 1
151 1
62 1
129 1
20 50 1
200 710987
82 32 3
5 0
48 0
56 1
