100
25 22 4
193 133348
194 1860
191 868094
190 30352
46 86 1
65 149560
139 140 1
140 9924
84 108 3
50 1
119 1
118 1
25 20 4
190 73013
190 79727
194 448416
192 82585
36 102 4
59 1
46 1
60 1
37 1
22 34 4
11 1
38 1
12 1
94 1
109 98 4
95 2
68 0
45 0
3 0
24 21 4
190 208904
192 254858
191 244428
192 41260
92 58 4
55 763563
159 566853
4 161459
138 285846
55 112 2
75 144545
112 208144
20 50 2
10 2
80 1
21 20 4
192 308731
195 118083
198 189332
192 504307
24 22 4
190 63070
193 101043
190 360287
190 66530
45 40 3
19 122393
74 430792
123 237127
20 102 4
7 1
113 1
113 1
109 1
21 20 4
1 1
30 1
22 1
57 1
20 46 4
28 1
21 1
21 1
33 1
20 37 4
11 1
82 1
36 1
195 1
33 35 4
60 290359
45 437136
32 505600
17 58031
96 59 3
52 504582
27 9143
83 58156
20 150 4
26 219537
75 106311
62 37001
93 83132
20 125 1
68 0
25 33 4
80 0
13 1
1 0
161 1
53 133 1
55 178623
93 101 3
72 1
11 1
136 1
20 22 4
190 403994
195 37030
191 76379
191 554344
87 87 4
3 1
100 1
50 1
122 1
38 61 3
95 191694
39 153901
154 106027
52 29 3
10 1
2 1
61 1
24 34 4
5 81372
46 21161
39 106916
19 155102
20 50 2
100 1
50 1
71 40 1
136 693009
21 21 4
196 9123
194 450761
190 18444
196 29371
32 23 4
53 185583
85 217313
44 115863
43 11761
22 21 4
191 101239
190 282362
190 584586
196 171036
88 106 1
97 0
24 81 4
86 1
19 1
18 1
101 1
36 21 4
30 1292
15 332987
3 640671
53 41191
25 20 4
101 31173
1 72944
30 197099
27 508071
20 21 4
192 21796
190 362656
190 163547
191 465875
37 88 4
55 1
49 1
46 1
52 1
65 85 4
37 73869
126 50882
97 163735
14 280933
111 115 1
112 1
23 21 4
195 39928
192 268033
191 542582
192 505126
21 33 4
9 10971
43 297857
11 731728
126 334995
58 20 1
5 435303
20 20 4
191 230046
195 334785
190 101651
191 38663
22 54 4
179 0
122 1
62 0
46 0
43 76 4
3 1
163 1
129 1
163 1
33 49 4
7 1
3 1
9 1
21 1
57 127 2
58 2
116 1
60 102 4
11 19149
133 5517
80 27119
126 38684
21 22 4
194 756797
191 183101
190 7673
190 276364
30 43 3
6 1
24 1
94 1
100 83 1
31 0
58 71 1
62 0
20 50 2
10 1
80 2
25 115 2
10 0
53 0
31 28 3
5 1
54 1
98 1
35 77 3
3 29736
85 465400
81 566561
20 50 4
2 149496
184 372422
49 722103
66 451184
28 141 4
82 1
147 0
100 1
30 0
30 32 1
31 404959
73 30 3
6 194140
69 86661
3 677426
39 107 4
104 0
7 0
12 0
128 0
20 122 3
57 1
50 0
68 2
24 20 4
191 160844
197 744220
190 81147
191 77700
22 20 4
190 383179
191 181158
196 151969
195 11727
20 50 1
200 122164
28 34 1
29 365906
26 20 4
193 340816
195 221255
199 61272
192 267147
104 106 4
48 55645
143 253413
65 80843
118 536189
25 21 4
193 49238
191 187017
195 68564
192 47879
129 140 1
133 0
60 79 4
115 1
30 0
89 0
112 0
62 69 1
65 1
23 22 4
195 33819
190 73664
193 95396
190 55933
30 38 1
34 455407
22 22 4
193 598411
190 80459
192 2164
197 175241
20 39 4
94 1
62 1
28 1
96 1
85 38 3
25 0
42 2
46 0
26 21 4
191 175639
192 409416
192 205290
193 90294
55 89 1
67 0
20 20 4
200 1000000
200 1000000
200 1000000
200 1000000
46 20 4
2 162752
39 187727
9 687237
114 50332
28 86 2
39 0
64 0
67 28 3
172 2
24 0
33 0
38 59 3
123 1
28 0
110 0
50 43 3
12 1
112 1
33 1
41 138 4
10 88530
160 194827
146 336017
172 220189
38 84 2
39 2
78 0
80 99 4
20 1
144 1
113 1
156 1
44 108 3
2 9187
4 68386
137 262553
25 78 3
65 97397
51 822004
76 112872
83 46 3
35 1
6 1
73 1
40 21 4
26 492712
32 608414
29 9062
27 620963
23 20 4
194 760251
195 86347
190 58719
195 31478
94 54 4
1 0
139 1
100 0
66 0
20 125 3
5 0
131 2
135 0
