100
23 22 4
193 101941
190 167086
195 402752
192 186924
142 74 4
58 1
145 1
83 1
166 1
24 22 4
194 511239
192 339903
192 11876
194 246155
20 47 1
21 21842
28 72 4
8 1
76 1
8 1
100 1
55 66 1
56 0
106 28 4
1 265387
108 248133
86 90686
3 636423
20 21 4
190 737238
193 146481
191 192277
193 124404
72 65 4
50 122358
93 137232
85 471787
29 228984
20 50 1
200 76208
20 50 2
10 1
80 2
21 21 4
197 402742
191 216615
190 441745
191 532838
22 70 1
7 0
57 20 3
20 1
7 0
67 0
25 22 4
191 750333
190 112529
194 367380
195 35279
63 99 4
114 1
42 1
120 1
114 1
136 107 3
37 310303
186 129
181 98061
65 91 4
66 0
68 0
138 0
15 0
131 48 3
90 382476
21 278805
106 160817
22 25 4
47 1
36 1
126 1
25 1
20 50 2
100 1
50 1
32 126 2
84 0
103 1
21 95 4
3 257461
108 328948
102 147436
100 8049
58 122 3
123 1
68 1
141 1
22 20 4
194 98433
191 324623
196 751481
194 1026
21 22 4
197 185087
192 138866
193 31640
191 407764
147 157 1
153 1
20 31 4
21 1
23 2
23 2
21 1
20 21 1
151 1
45 70 4
133 1
100 1
44 1
82 1
25 20 4
190 514079
194 153464
191 608923
190 525330
23 21 4
191 524227
192 87620
192 372978
190 124173
122 125 1
125 1
38 153 1
56 0
25 21 4
196 270257
198 657814
195 129173
193 15072
20 127 4
31 385451
45 70689
74 197011
91 141371
73 45 3
11 0
121 1
35 1
24 32 3
9 332893
18 255944
39 249691
59 31 1
119 2
49 113 4
129 743118
23 644382
15 37945
136 149220
21 148 2
54 1
71 0
21 31 4
30 1
28 1
28 1
22 1
26 21 4
190 801441
190 540842
192 763579
191 15454
54 56 1
55 0
24 20 4
190 507500
191 8823
190 253838
195 28435
82 28 4
38 1
2 1
28 1
74 1
28 20 4
88 1
2 1
16 1
37 1
21 20 4
192 711703
190 168275
190 336043
198 375879
23 90 2
31 0
50 2
102 47 4
88 642212
12 604258
82 87749
1 360199
20 20 4
200 1000000
200 1000000
200 1000000
200 1000000
20 62 3
8 1
30 1
69 1
42 45 4
14 349135
126 675900
44 75325
135 79579
27 74 4
6 1
83 1
38 1
190 1
20 20 3
39 2
10 0
5 0
54 123 2
56 1
114 0
35 103 3
7 1
129 0
110 0
20 20 4
194 199347
196 535588
194 475295
197 551573
45 41 4
4 1
77 1
6 1
53 1
25 65 4
5 1
149 1
54 1
66 1
62 45 3
47 1
17 1
164 1
24 48 3
16 342973
96 90123
57 181503
62 60 4
7 71640
68 22585
104 85122
27 49199
117 106 4
148 724746
3 193867
112 359725
7 364935
22 21 4
190 130484
194 191331
193 209942
190 129752
76 70 1
5 0
38 125 2
60 1
81 0
58 42 4
12 298263
43 670988
147 16061
27 15911
41 26 4
27 1
30 1
37 1
27 1
23 79 3
71 0
47 0
70 0
44 50 4
46 811910
46 267247
49 438178
45 408982
61 72 3
46 632449
2 204302
103 208300
92 103 1
97 1
110 117 1
112 0
27 70 3
17 1
142 1
89 1
61 63 1
63 0
68 101 4
68 1
109 1
16 1
139 1
117 171 1
143 709564
52 62 4
139 0
32 0
69 0
1 0
20 22 4
190 726503
190 68699
197 504845
192 483576
23 20 4
198 458743
193 355832
194 370158
191 266593
24 21 4
193 284945
194 244177
190 254080
192 5508
55 33 3
16 468679
2 449377
62 88287
20 50 2
10 2
80 1
48 53 3
15 0
130 1
97 1
21 30 4
81 721763
16 250025
27 18251
95 76570
21 42 3
13 256025
87 4987
7 416918
112 37 3
9 1
69 0
128 1
74 26 4
96 1
42 1
123 1
79 1
65 100 1
73 0
133 34 4
29 1
16 1
10 1
7 1
141 52 4
22 299637
170 570388
5 150684
94 1849
22 22 4
193 91637
193 24529
190 171580
191 676859
26 20 4
194 203313
196 470276
190 101986
190 198017
23 52 2
39 1
47 0
38 141 3
100 66299
90 111203
115 1985
111 52 4
22 4918
151 54783
24 145615
58 93239
88 131 1
8 2
104 21 1
29 0
37 36 4
21 550993
73 428488
21 485683
142 708396
